# Sosies corriges par le lexique du livre (passe unique, criteres severes).
# Une seconde passe sur le texte deja corrige a ete essayee : elle degrade
# (99,23/99,50 -> 99,14/99,41). Le lexique s'appauvrit a mesure qu'on le
# corrige, et les formes rares deviennent des cibles. Une passe, pas deux.
0	2	60	a
0	18	31	s
0	25	47	e
4	41	27	t
5	7	21	I
6	26	45	n
6	28	42	n
10	13	17	l
10	43	70	o
10	44	17	o
11	10	42	a
11	10	50	a
13	50	22	o
17	29	5	a
18	4	14	l
18	26	38	o
18	47	49	a
19	2	37	c
19	42	47	o
20	23	27	o
20	50	8	o
21	6	7	o
22	15	38	o
22	41	2	l
24	6	0	o
24	7	24	o
24	13	22	o
24	36	30	i
25	14	13	l
25	47	57	o
27	3	11	l
27	38	4	o
27	51	5	l
28	25	49	u
29	2	21	o
30	40	25	e
31	18	10	b
32	22	53	o
33	3	24	o
33	3	35	o
33	5	55	o
33	51	12	i
34	19	43	o
36	44	4	i
37	10	34	o
37	28	13	I
38	20	58	o
38	24	48	o
39	9	7	l
39	40	0	m
43	38	36	h
43	42	48	a
44	8	35	a
45	22	0	o
45	29	7	o
46	10	41	o
46	27	3	o
46	44	4	o
46	53	49	c
47	5	6	i
48	23	6	a
48	40	46	o
48	40	54	o
49	16	8	l
49	23	17	s
49	52	58	o
50	21	53	z
50	40	60	l
51	53	34	l
52	21	30	I
52	29	3	c
54	35	2	a
55	17	30	o
55	34	42	a
56	9	10	c
57	3	6	s
57	15	6	o
57	38	0	o
58	15	50	I
60	21	21	l
61	2	52	m
61	47	44	l
63	7	5	s
63	34	44	o
63	39	60	a
63	45	41	o
64	26	1	o
65	3	7	s
65	27	41	l
66	22	69	i
66	29	50	o
67	14	0	h
67	34	12	o
69	24	48	o
69	36	15	u
70	23	27	c
71	31	31	o
71	44	38	o
71	57	20	l
71	60	46	i
72	9	8	a
72	39	23	c
73	27	39	o
75	18	5	l
75	30	4	a
75	39	32	a
76	38	6	o
76	46	59	o
77	52	1	a
78	25	2	v
78	50	12	e
79	24	4	h
82	7	29	o
83	6	33	o
83	20	2	t
84	40	14	o
85	13	6	n
85	46	6	l
86	6	15	o
86	27	1	a
86	34	30	a
88	45	10	o
89	17	15	d
89	51	46	o
90	17	48	n
90	28	10	a
90	30	69	e
90	45	11	n
91	34	56	o
93	10	57	t
93	19	53	a
94	9	49	n
94	13	62	o
95	3	12	e
95	24	58	u
95	36	4	e
96	11	50	o
96	19	24	o
97	33	27	o
97	38	12	o
97	47	5	t
98	19	37	a
98	22	14	o
98	23	44	o
99	41	0	c
100	17	0	c
101	23	44	o
102	23	33	o
102	44	21	l
102	51	36	o
103	2	47	o
104	10	39	e
104	49	3	c
105	24	35	o
105	48	42	a
106	33	63	o
108	45	66	a
109	17	13	h
112	42	59	o
112	53	49	a
113	20	62	o
113	26	50	o
114	28	53	r
114	47	51	o
115	11	37	o
115	32	29	o
116	30	62	n
117	7	34	o
117	42	11	i
117	47	6	i
118	47	6	m
118	52	60	o
120	14	30	o
121	17	7	o
121	32	7	o
121	58	16	o
122	39	32	o
122	40	57	a
123	40	7	c
123	45	5	c
125	7	32	n
125	17	3	v
127	43	27	n
127	50	3	a
128	6	20	c
128	32	60	o
128	39	6	a
128	42	3	m
128	51	18	o
129	41	24	a
130	12	58	o
130	23	45	p
130	24	13	o
130	31	13	a
130	43	2	a
131	35	18	o
132	10	50	o
132	12	2	r
133	9	58	o
134	13	59	o
134	21	57	u
134	30	51	o
134	50	5	i
135	48	5	s
137	29	8	a
137	33	48	c
138	21	24	m
139	51	19	a
140	32	48	e
141	17	59	o
141	33	5	o
143	3	11	t
143	44	57	t
144	31	50	o
144	31	57	o
144	51	30	o
145	27	21	o
147	32	49	o
147	44	60	o
147	48	11	l
148	6	57	o
148	26	42	o
151	37	32	t
151	37	50	o
151	38	20	o
152	7	48	o
153	18	3	a
153	31	5	e
153	49	46	o
154	26	17	o
155	13	8	e
155	13	32	o
155	13	54	e
155	26	43	o
155	42	56	l
155	43	49	o
156	21	35	a
156	21	55	a
156	53	12	a
157	55	34	o
158	24	15	o
158	24	20	o
160	45	7	c
164	30	22	o
164	47	22	o
165	47	59	a
167	13	1	u
167	34	7	o
169	7	20	p
169	24	0	t
172	38	11	b
172	38	46	o
174	8	6	c
175	32	40	c
175	52	11	a
176	32	42	o
177	3	30	o
177	11	39	n
177	43	61	o
178	46	61	o
178	53	51	o
178	55	35	j
179	40	4	o
180	35	3	c
180	49	4	m
181	8	58	m
181	29	18	a
181	38	3	c
181	41	40	c
182	23	24	o
182	24	40	u
185	42	7	o
186	18	3	p
186	27	51	o
186	28	7	o
186	33	38	l
186	44	15	o
187	50	7	o
189	13	1	a
189	16	1	a
189	36	6	s
191	5	25	m
191	20	33	o
192	47	4	m
194	40	5	l
196	58	2	s
197	24	3	t
197	56	12	c
198	8	63	o
199	12	53	a
199	41	22	o
200	13	57	o
201	45	3	i
202	33	16	z
202	38	2	o
203	7	18	a
205	26	9	l
207	2	13	c
207	13	5	e
207	31	3	f
207	37	5	a
208	54	13	s
209	4	5	s
209	17	16	s
209	45	25	o
210	26	42	o
212	5	1	a
213	25	54	o
214	6	45	o
214	6	50	o
214	47	49	a
217	57	16	l
218	10	5	c
218	15	7	I
219	3	39	l
219	19	30	l
220	18	19	t
220	25	36	i
220	30	36	l
220	41	23	o
222	51	67	o
223	6	6	o
223	26	23	i
223	29	41	i
224	24	21	t
224	34	6	t
225	9	56	o
226	49	50	o
227	2	4	o
228	25	13	h
229	20	48	c
229	28	19	a
229	28	26	i
229	29	24	i
230	3	62	o
230	9	0	b
230	10	20	h
230	10	39	o
230	27	34	i
230	34	28	t
231	13	20	z
231	18	58	a
231	21	41	i
231	26	17	i
231	26	56	i
231	27	25	i
231	27	37	i
233	27	33	o
234	15	4	o
234	29	45	h
235	6	3	e
235	13	56	o
236	25	29	o
240	32	62	o
241	52	50	m
242	5	54	o
242	18	39	l
243	50	30	u
244	15	4	e
246	5	4	a
247	21	25	o
247	42	52	o
248	15	38	l
248	21	43	a
249	16	37	e
249	18	59	o
252	16	13	o
252	22	14	o
252	22	42	o
252	63	79	m
253	21	57	i
254	13	42	o
254	20	12	o
255	10	56	a
255	43	17	o
255	45	38	o
256	7	3	l
256	41	4	e
256	56	3	o
257	31	22	o
258	36	5	a
258	54	5	a
259	53	20	o
260	14	7	l
260	25	1	o
261	51	40	l
262	5	4	a
262	18	3	l
262	35	59	o
263	24	40	o
264	11	31	o
264	25	4	h
264	27	58	o
265	55	56	o
266	9	32	o
267	29	59	o
267	46	3	a
267	56	11	h
267	56	34	c
268	9	60	u
268	11	18	c
268	30	53	o
268	34	23	o
269	20	5	I
269	44	57	n
270	30	3	o
271	32	53	a
271	57	5	l
272	31	18	l
272	53	59	k
273	32	16	t
274	54	3	l
275	4	6	o
276	7	29	o
276	16	52	a
276	45	56	u
276	46	5	a
277	5	6	c
277	35	45	o
277	36	23	o
278	27	14	l
279	25	3	m
279	39	12	l
279	56	17	z
280	26	26	a
280	28	42	o
281	17	44	t
281	37	6	i
281	43	11	o
281	46	1	o
281	47	7	o
282	40	4	o
283	8	37	o
284	3	18	o
286	10	4	e
287	3	54	a
287	12	28	o
287	13	39	a
287	13	52	a
287	16	44	a
287	19	21	a
287	53	15	i
287	54	13	a
288	35	5	a
289	21	11	l
289	36	14	p
290	36	8	l
291	11	28	a
291	25	48	a
292	10	9	a
292	14	3	o
292	19	18	o
292	42	36	o
293	4	55	a
293	32	3	f
293	34	8	o
293	54	10	l
295	7	23	a
295	11	6	a
296	24	53	o
298	41	35	v
298	52	1	o
299	21	24	a
299	37	42	o
299	37	48	o
299	38	37	a
300	8	36	o
301	9	47	o
301	23	27	c
301	31	3	t
301	34	4	l
301	45	50	a
302	41	5	y
303	13	17	t
303	22	13	o
303	33	58	o
303	49	15	l
303	54	46	l
304	49	36	u
305	13	24	l
306	6	10	m
306	39	8	l
306	45	28	m
306	45	43	a
306	46	35	i
308	53	18	t
309	6	58	o
309	31	41	c
310	10	12	h
310	29	5	a
310	54	28	a
310	55	3	p
310	57	38	l
311	20	6	s
312	50	27	a
312	54	5	z
313	3	15	p
313	11	13	o
314	8	32	c
314	35	16	c
314	38	15	m
315	10	5	c
315	26	39	o
315	28	39	i
315	43	4	a
316	3	58	c
316	11	33	o
316	27	5	c
316	36	38	i
317	28	3	o
317	32	22	l
317	44	36	o
317	56	50	a
318	47	2	o
318	60	24	j
319	17	51	o
320	15	58	n
320	20	6	o
320	27	12	o
321	22	3	l
321	33	49	I
321	39	6	t
323	34	4	u
323	37	44	m
323	49	4	l
324	59	8	o
325	33	21	s
325	39	40	o
326	30	14	o
326	42	9	o
327	9	3	t
327	51	0	o
329	12	54	a
329	15	21	o
329	24	3	t
329	41	22	o
329	43	9	e
329	54	54	o
330	31	25	o
330	31	33	o
331	31	5	i
331	50	38	c
332	16	2	p
332	27	1	a
333	19	3	o
333	53	39	j
334	28	1	o
334	29	27	c
335	11	14	o
335	33	3	l
335	34	51	o
336	24	13	o
336	38	21	o
337	3	8	c
337	26	6	o
338	7	4	l
338	13	64	o
338	30	13	l
338	34	63	o
339	18	2	n
339	29	5	v
339	29	32	p
340	39	30	c
341	5	56	u
341	9	0	t
342	9	2	t
343	26	29	i
343	34	18	I
343	49	53	o
344	37	21	e
345	40	31	o
346	8	13	i
346	26	3	e
346	54	3	o
347	13	8	o
348	8	22	s
348	51	13	s
350	6	1	e
350	17	3	I
350	29	24	s
350	41	62	c
350	46	58	a
351	34	45	c
351	36	14	o
351	51	25	t
352	34	33	a
353	28	2	m
354	18	28	o
354	36	15	c
356	12	20	a
356	42	36	a
356	46	23	i
357	7	41	r
357	38	4	e
357	38	14	e
359	23	32	o
359	42	3	u
360	53	1	o
361	4	44	o
361	13	3	j
361	32	40	o
361	33	6	o
361	33	58	o
361	38	32	c
361	54	9	l
362	3	19	o
362	8	14	i
362	9	44	n
362	29	11	i
364	25	24	o
364	43	40	a
365	8	8	t
366	12	5	l
366	43	41	o
366	50	52	l
367	35	31	o
368	20	61	o
368	48	2	s
369	20	7	o
369	43	20	o
370	39	39	o
370	57	61	a
371	2	46	o
371	3	7	o
371	9	41	o
371	20	3	l
371	38	11	n
371	38	49	o
372	56	35	o
373	47	6	a
374	45	23	o
375	21	7	e
376	55	11	a
377	1	6	o
377	51	5	i
378	42	22	c
379	7	4	a
379	10	7	s
379	22	40	i
379	29	58	o
379	33	49	o
379	40	12	l
380	28	55	o
381	47	56	o
382	19	29	i
382	22	24	i
382	24	18	i
382	30	9	a
382	49	62	y
383	21	52	i
383	32	5	a
383	35	40	o
385	3	3	l
385	12	3	p
385	44	21	s
385	48	55	u
386	19	18	a
386	31	11	l
386	35	17	t
386	40	58	o
386	42	11	h
387	14	11	e
387	53	13	o
388	13	10	a
388	53	41	o
389	17	52	o
389	27	17	i
389	47	9	e
390	18	11	l
390	22	53	i
390	46	67	o
391	7	10	l
391	10	12	o
391	35	53	l
392	6	13	e
392	8	34	c
392	9	35	o
392	10	61	c
392	43	61	o
393	9	55	n
393	33	13	e
393	36	11	u
393	49	1	a
394	15	16	i
395	14	35	u
395	26	21	o
395	29	19	e
396	28	50	a
396	38	59	S
397	11	1	o
397	21	0	m
397	26	3	u
397	29	1	u
397	30	3	c
397	30	11	m
397	30	23	o
397	51	12	o
398	22	14	a
398	23	22	a
399	11	56	a
399	20	21	o
399	27	8	l
399	50	18	t
400	8	0	v
400	21	5	l
402	5	9	i
403	5	46	o
403	55	17	s
404	5	26	l
404	50	12	g
405	39	9	s
407	27	48	o
407	56	5	y
408	7	18	o
408	12	16	l
408	54	4	e
408	54	17	s
412	18	0	o
412	25	42	c
412	48	64	o
413	52	10	l
414	37	19	s
415	3	14	o
415	30	3	p
416	14	36	o
416	52	14	s
416	55	51	s
417	6	6	c
419	29	3	c
419	32	45	o
419	48	0	a
420	14	11	a
420	29	29	e
420	43	20	a
420	45	29	a
421	31	27	o
422	20	37	o
422	31	57	e
422	40	12	o
423	11	30	n
423	12	39	o
423	54	54	j
425	46	19	o
425	54	4	e
426	46	51	o
427	41	1	o
427	59	9	l
428	9	44	o
429	5	18	c
431	14	21	o
431	22	52	o
433	23	35	a
433	25	16	t
433	33	55	c
433	36	2	p
434	20	23	h
434	43	13	c
434	44	63	o
435	2	30	o
435	21	2	s
436	30	14	s
437	27	45	o
437	56	14	s
439	12	0	t
439	33	7	e
440	53	7	s
440	57	5	f
441	2	42	o
441	20	8	a
441	51	5	l
442	5	57	a
442	41	64	a
442	50	7	i
443	5	1	o
443	28	4	o
443	44	5	n
443	46	52	a
443	47	15	e
443	49	25	o
443	52	1	o
444	49	23	o
445	9	6	a
445	16	4	o
445	25	6	e
445	31	24	c
446	4	11	o
446	20	5	l
447	6	8	o
448	13	62	o
448	33	62	a
449	42	18	i
450	52	4	l
451	52	4	c
453	18	11	l
453	22	15	i
453	39	27	o
453	41	13	o
453	53	23	o
456	27	14	o
457	3	3	a
457	45	4	a
457	56	20	c
459	42	1	a
460	6	30	o
460	14	13	c
460	19	2	v
460	40	4	o
460	56	62	o
460	57	6	o
460	57	24	f
461	8	4	u
461	12	5	p
461	56	4	d
462	30	0	t
462	39	23	n
464	27	38	c
467	18	26	o
467	40	4	a
468	28	64	s
468	32	44	o
469	3	47	o
469	47	16	i
470	22	63	a
471	41	20	a
471	41	28	a
471	52	2	e
472	18	9	n
472	32	7	o
472	59	6	o
473	6	51	a
473	18	54	a
473	29	14	o
473	46	48	c
474	8	56	c
474	48	11	a
475	23	3	t
475	40	35	a
477	23	51	l
478	7	6	c
478	14	54	l
478	26	33	z
478	26	61	o
478	27	11	o
478	56	60	o
480	22	34	c
481	58	8	z
483	18	3	o
483	43	10	e
483	52	55	p
484	8	53	l
484	36	4	e
484	58	11	s
485	35	49	o
486	18	59	n
487	23	31	o
487	47	5	l
487	49	59	c
488	3	7	l
488	27	4	o
488	28	38	o
489	5	53	o
489	24	36	o
490	11	59	n
490	14	35	t
490	16	1	o
490	18	7	a
490	35	5	o
491	12	36	o
491	14	29	l
491	14	43	b
491	42	41	c
492	12	5	l
492	20	41	a
492	33	17	l
492	56	2	t
493	11	4	l
493	23	58	o
493	38	5	u
493	45	4	a
494	31	68	o
495	8	10	s
495	24	38	i
495	27	27	c
496	27	31	i
496	52	1	o
497	3	49	l
497	6	21	b
497	11	8	l
497	34	14	a
498	32	61	h
498	46	14	t
499	6	50	a
499	46	21	l
500	21	28	i
501	3	54	n
501	46	3	s
501	53	42	a
501	56	10	s
502	50	38	o
503	30	22	h
503	36	27	o
503	53	52	c
504	28	16	I
505	2	55	a
505	4	13	c
505	29	25	o
505	37	0	v
505	43	43	a
505	52	7	o
506	9	0	v
506	12	23	s
506	23	12	i
506	29	62	u
506	46	49	a
508	24	1	a
511	20	44	i
511	32	36	p
512	34	27	o
513	18	19	o
513	20	56	a
513	23	66	m
514	29	8	a
514	47	22	u
514	60	7	o
515	18	5	v
515	21	14	o
515	34	3	t
516	26	4	u
517	20	55	o
517	57	32	o
519	50	8	t
519	50	59	a
520	9	63	o
520	30	4	l
520	52	63	o
522	40	64	o
523	14	55	l
523	15	13	c
523	16	4	e
523	17	4	a
523	32	14	o
523	47	27	o
523	52	36	a
523	55	9	o
524	19	6	o
525	38	5	o
525	40	59	a
526	26	18	I
526	45	59	o
526	52	4	a
527	27	53	a
527	44	3	i
528	2	13	l
528	35	23	c
528	47	15	a
528	53	62	o
528	54	32	l
529	5	7	y
529	9	48	o
529	39	35	o
530	2	22	u
530	10	12	l
530	21	5	a
530	21	18	i
530	22	55	o
530	23	55	j
530	34	7	u
530	38	21	t
530	39	46	v
530	43	11	a
530	55	9	a
531	3	57	o
531	43	3	n
531	51	13	o
532	3	14	s
533	43	37	a
534	22	10	o
534	27	66	n
535	13	52	e
535	46	12	O
536	39	65	a
536	45	16	o
536	45	32	o
536	51	19	l
537	3	20	s
537	22	23	e
537	26	31	m
537	50	3	s
538	13	54	e
538	56	38	o
539	6	15	l
539	19	34	o
539	19	44	o
539	21	35	o
539	37	44	l
539	45	2	z
541	4	3	t
541	44	33	l
542	7	18	I
542	29	20	o
542	37	6	u
543	13	12	c
543	14	19	o
543	27	17	o
543	48	41	l
544	25	23	o
544	26	9	o
545	41	3	p
545	45	53	c
545	50	4	a
545	51	27	l
546	11	11	u
546	12	40	b
546	13	4	u
546	15	32	c
546	30	16	o
546	35	22	c
546	56	25	p
547	51	61	o
549	14	42	o
549	15	3	m
550	9	28	o
550	11	29	a
550	14	10	o
550	34	58	a
550	44	24	t
550	46	2	t
550	49	4	f
551	17	1	t
551	55	35	o
552	3	41	v
552	3	59	o
553	18	57	t
553	49	35	a
554	41	41	o
554	54	29	o
555	23	1	t
556	44	57	o
558	18	18	c
558	21	14	i
558	34	21	c
558	35	46	c
559	25	1	f
559	46	28	i
560	2	38	a
560	54	3	t
561	34	2	a
562	43	21	h
563	23	7	e
563	34	33	o
564	11	5	l
564	18	19	k
564	23	4	l
564	45	55	z
564	45	58	p
565	53	48	c
566	8	20	l
566	17	6	o
566	34	5	r
566	34	18	s
566	43	12	l
566	51	56	c
567	52	17	i
567	53	4	a
567	56	53	n
568	14	6	l
569	11	58	e
569	51	38	v
569	53	26	h
569	55	3	h
571	51	15	o
572	7	35	o
572	42	8	t
572	45	46	o
572	47	4	l
572	55	57	a
573	16	0	p
573	17	5	m
573	19	0	f
573	46	0	l
574	20	18	n
575	12	33	a
575	30	0	l
575	46	13	o
576	31	27	l
576	38	25	l
576	50	0	f
578	8	0	p
578	15	25	l
578	50	14	i
580	7	63	o
582	22	23	a
583	22	28	o
583	46	37	u
584	7	5	o
584	27	16	o
584	44	49	o
584	47	36	s
585	21	16	i
585	37	26	o
585	37	50	c
586	5	38	s
586	49	61	o
587	5	54	a
587	8	0	p
587	28	21	o
588	1	6	f
588	25	11	a
588	25	26	c
588	30	9	v
588	37	67	o
588	53	6	l
588	53	64	c
589	25	2	t
589	39	50	o
590	35	10	l
590	37	2	t
590	55	1	e
591	51	57	o
591	55	2	t
592	11	53	o
592	38	52	l
594	56	6	i
595	40	52	l
595	42	5	a
596	2	52	e
596	10	15	o
596	16	44	o
598	15	8	u
598	41	62	v
598	55	15	u
599	2	56	a
599	3	3	l
599	22	33	o
599	34	3	q
599	34	11	c
600	6	0	p
600	15	25	a
600	16	15	o
600	55	15	u
602	15	33	o
602	17	40	o
603	41	9	a
603	50	10	t
605	34	2	a
605	39	40	o
605	41	3	p
605	50	7	o
606	24	62	a
606	25	5	c
607	15	47	o
607	46	44	u
607	56	29	l
608	30	60	o
608	38	1	a
609	44	3	p
610	4	8	o
610	8	3	c
610	15	2	n
610	26	60	i
610	32	44	o
610	47	39	o
614	14	3	c
614	17	15	n
614	51	20	c
614	51	59	a
615	8	53	o
615	44	6	e
616	3	0	r
616	34	7	c
616	50	25	o
616	54	13	o
617	5	57	o
617	8	48	o
618	8	0	r
618	32	28	h
618	38	7	e
619	33	5	n
619	49	6	o
620	0	55	i
620	13	19	a
620	55	4	i
620	55	20	a
621	24	49	i
621	29	3	t
621	29	16	I
621	48	7	o
621	48	37	y
622	33	4	i
623	4	5	s
623	41	20	a
624	3	2	t
624	7	31	o
624	7	50	o
624	18	11	l
624	32	37	o
624	53	4	l
624	57	36	o
625	3	3	s
625	6	16	l
625	12	5	z
625	19	16	u
625	23	4	e
625	31	43	a
626	39	56	a
627	37	27	c
628	53	3	s
629	4	32	l
629	19	3	m
629	38	51	l
630	24	10	o
630	34	42	l
630	62	9	h
630	63	68	o
632	25	37	o
632	43	0	v
632	52	0	v
634	28	43	r
635	35	58	c
635	52	15	l
636	28	15	c
637	29	49	u
637	30	3	o
638	10	29	n
638	42	8	e
638	43	29	a
