# Cellules des groupes melanges, decodees une a une par le modele.
# Ce fichier a la priorite la plus basse : toute correction a la main l'emporte.
0	2	61	m
0	2	62	a
0	3	28	.
0	5	0	a
0	5	13	k
0	5	17	s
0	5	39	,
0	5	48	n
0	5	74	a
0	6	5	D
0	6	60	m
0	7	7	a
0	8	26	i
0	8	27	i
0	8	30	i
0	8	35	k
0	8	71	m
0	9	27	a
0	10	35	r
0	11	60	b
0	11	68	n
0	12	28	i
0	12	68	a
0	13	71	a
0	15	37	h
0	15	40	d
0	17	39	l
0	18	44	,
0	24	13	v
0	24	16	r
0	24	17	.
0	24	19	v
0	24	51	v
0	25	46	0
0	33	50	+
0	41	38	L
0	44	44	n
0	46	34	N
0	46	37	n
0	48	35	n
0	48	41	u
0	48	45	m
0	60	0	b
4	0	23	R
7	0	18	*
7	17	25	s
7	52	60	e
9	20	5	c
10	28	54	o
10	38	12	o
11	3	52	o
11	18	16	J
11	23	21	E
11	36	5	a
13	52	14	E
13	55	4	I
15	0	5	8
15	3	49	s
17	0	9	n
19	6	11	b
19	39	12	b
20	9	56	a
21	38	10	z
22	27	39	a
22	32	3	o
22	37	52	g
22	37	53	u
24	24	13	v
24	35	3	o
24	53	5	c
26	31	39	E
27	31	6	e
27	31	16	e
29	12	4	e
31	57	4	o
32	5	15	D
33	12	57	N
33	51	3	e
34	40	10	S
35	31	10	a
36	44	51	+
37	7	6	a
37	40	58	E
37	48	18	e
38	7	1	n
38	7	2	t
41	36	14	E
42	40	0	a
44	23	27	E
45	0	4	8
45	18	5	o
45	55	3	s
46	5	9	R
46	47	49	o
47	4	53	s
47	5	7	k
47	50	20	E
47	55	14	p
48	0	54	4
48	10	3	o
49	19	16	b
49	45	3	m
49	46	25	D
50	8	19	k
52	21	31	R
52	34	10	S
53	11	9	D
53	29	1	s
53	29	13	e
54	54	4	b
55	8	15	E
55	25	50	R
56	54	11	.
57	11	18	o
58	15	29	o
60	7	34	"
60	54	0	b
61	2	51	o
61	7	50	s
61	9	49	s
61	10	8	n
61	10	14	i
61	10	22	e
61	14	53	L
61	29	50	a
61	54	3	o
63	6	5	-
63	13	8	o
64	5	5	D
65	51	8	r
66	4	4	a
66	6	64	g
66	7	2	b
66	10	0	b
66	10	1	a
66	29	2	s
66	37	2	s
66	45	3	a
68	24	1	e
68	34	42	D
69	39	26	u
71	42	17	E
71	56	9	o
71	57	16	-
71	57	17	3
72	54	6	o
73	0	8	o
74	20	4	o
74	22	12	u
77	0	10	n
78	2	0	b
78	2	1	o
79	0	7	s
79	24	4	h
81	8	8	o
83	33	42	E
85	12	8	o
85	18	3	o
85	23	1	u
85	28	4	o
88	2	51	n
88	17	53	R
89	52	7	R
92	14	8	a
92	14	11	e
93	3	10	o
95	0	6	8
95	44	13	E
96	22	46	R
97	7	8	m
97	15	12	o
97	32	6	o
98	19	54	E
98	23	44	u
98	39	20	d
99	22	14	y
101	32	43	c
102	30	20	R
102	49	24	E
103	2	4	a
103	46	3	a
104	39	1	e
104	42	1	e
104	53	2	o
104	53	15	I
106	4	1	e
106	5	4	o
106	5	6	o
106	7	1	e
106	15	0	d
106	17	1	e
106	40	1	e
108	41	19	b
110	9	5	c
112	5	28	c
113	6	6	8
115	47	7	R
117	14	14	b
118	32	6	o
121	51	7	R
122	31	57	l
122	49	3	a
122	54	19	m
123	53	5	i
123	53	7	a
126	44	1	o
127	47	22	R
128	27	59	C
130	47	4	a
131	38	57	,
133	31	16	s
134	37	5	c
136	15	42	E
137	4	16	D
137	7	6	p
137	25	25	o
137	25	26	o
137	47	5	b
139	3	18	d
139	51	4	a
140	24	4	s
140	24	9	e
140	24	19	e
140	24	34	e
140	24	47	e
140	24	52	e
140	31	16	s
140	31	26	g
141	4	6	s
141	8	40	k
141	47	55	k
141	58	51	o
142	4	2	e
143	8	15	R
144	25	0	e
146	44	6	s
146	47	8	l
147	3	22	a
147	53	24	l
148	9	1	p
148	17	0	e
148	40	0	e
148	43	21	E
149	12	13	p
150	5	1	o
150	6	3	I
150	26	0	e
152	19	1	s
152	31	13	c
154	6	3	o
154	8	1	s
154	24	0	e
154	26	0	e
154	30	0	e
154	57	1	s
156	5	9	S
158	1	11	r
158	8	10	"
158	13	0	e
158	23	15	l
158	36	1	x
159	40	28	b
160	29	0	e
160	36	0	e
160	41	21	b
162	7	0	e
162	14	0	e
162	19	0	e
162	25	0	e
162	28	0	e
162	33	1	x
163	0	3	r
163	50	69	L
164	32	5	e
164	34	4	l
164	39	1	o
164	52	5	s
165	24	9	"
166	5	3	i
166	9	3	i
166	10	3	p
166	18	4	e
166	35	1	e
166	45	56	s
171	12	12	D
173	56	60	1
174	40	29	E
176	3	0	f
176	7	3	o
176	10	1	i
176	13	1	i
176	16	1	i
176	24	1	l
176	33	9	a
176	33	36	E
176	53	5	a
177	30	48	f
177	30	56	a
178	0	17	v
178	0	23	u
179	3	3	n
180	2	1	o
180	6	1	f
180	17	1	o
183	23	4	g
184	46	7	o
185	6	6	s
186	14	4	e
186	24	0	f
186	24	1	r
186	27	1	r
186	31	1	r
186	31	3	s
186	33	0	f
186	33	1	r
186	33	3	s
186	37	0	f
186	37	3	t
186	39	0	f
186	39	1	r
186	46	1	r
186	54	2	i
186	55	5	m
188	9	0	f
188	9	1	r
188	12	1	r
188	19	1	r
188	21	1	r
190	5	2	r
190	5	4	o
190	15	0	f
190	22	0	f
190	22	1	u
190	22	2	n
190	24	0	f
190	24	1	u
190	41	4	u
191	0	0	(
191	19	44	s
192	0	0	s
192	2	64	n
192	55	11	a
192	58	14	t
193	37	11	v
193	37	14	o
193	37	16	o
196	14	0	g
197	23	13	g
197	56	5	n
198	6	1	e
198	12	1	e
198	22	1	e
199	2	31	e
199	52	59	i
201	6	13	s
201	22	8	n
204	58	1	o
206	5	1	r
206	31	15	a
206	33	0	g
207	2	26	s
207	2	28	a
207	2	39	a
207	33	11	d
208	8	0	g
208	12	46	e
208	12	48	r
210	32	0	g
210	35	1	u
210	38	1	u
210	38	29	D
210	40	1	u
210	45	1	u
210	46	17	D
210	51	1	u
212	2	1	u
212	12	1	u
212	14	4	u
213	0	3	o
213	3	32	s
214	6	5	a
214	11	4	o
214	49	59	o
214	53	0	k
214	53	63	a
215	5	44	k
215	12	58	s
215	19	5	s
215	19	7	s
215	37	54	i
215	54	55	s
216	46	63	e
216	51	0	h
216	51	1	e
216	53	1	e
216	55	0	h
216	55	1	e
216	57	0	h
216	57	1	e
216	57	5	w
217	3	12	n
217	54	13	s
217	57	4	p
217	57	51	o
218	2	1	e
218	8	0	h
218	8	1	e
218	12	1	e
218	20	1	e
218	20	57	n
218	51	1	b
219	8	55	p
219	47	23	s
220	3	16	s
220	3	59	s
220	8	6	o
220	9	21	a
220	25	18	n
220	48	1	e
220	53	0	h
220	54	6	s
220	54	13	a
220	56	0	h
220	57	6	a
221	49	4	o
221	56	13	r
222	7	6	h
222	10	6	h
222	57	6	h
223	35	60	L
224	7	42	S
224	51	0	h
224	53	0	h
225	6	0	h
225	6	51	o
225	11	6	m
225	25	42	s
225	26	45	R
225	29	45	E
225	54	6	o
225	54	52	p
226	2	5	h
226	3	12	v
226	5	5	h
226	8	5	h
226	25	39	E
226	27	13	z
226	52	60	n
227	7	18	l
227	12	57	s
227	29	15	o
227	29	19	g
227	29	29	)
228	25	19	n
228	26	27	a
228	47	16	a
228	53	7	k
228	55	0	h
228	55	1	o
229	5	18	n
229	9	7	t
229	12	6	E
229	20	56	o
229	25	7	a
229	29	7	u
229	38	2	m
229	56	21	R
230	2	1	h
230	6	0	h
230	9	0	h
230	9	1	o
230	10	11	-
230	10	12	a
230	10	13	n
230	54	7	c
231	7	16	s
231	21	18	e
231	21	25	t
231	21	26	o
231	26	41	R
233	0	7	6
233	23	49	s
234	10	5	a
234	12	1	o
234	31	8	o
234	35	0	i
234	35	2	n
234	38	0	i
234	38	2	u
234	43	13	z
234	56	0	i
236	3	0	i
236	12	1	m
236	13	2	f
236	23	3	s
236	33	0	i
237	19	5	c
238	20	1	a
238	39	0	i
238	41	0	i
238	45	0	i
238	56	0	i
239	17	11	o
239	20	23	o
240	13	1	i
240	19	1	r
240	30	0	i
240	35	0	i
241	18	11	a
242	5	0	i
242	8	0	i
243	5	7	g
243	5	14	e
243	8	13	l
243	8	15	s
243	8	17	s
243	8	33	e
243	17	7	a
243	21	19	a
243	24	15	a
243	42	13	a
243	49	12	e
243	53	3	o
243	53	4	e
243	53	7	a
243	55	59	m
243	62	69	s
244	33	0	i
244	38	0	i
244	58	12	e
246	4	1	i
246	5	4	o
246	12	4	b
246	17	1	i
246	32	1	i
246	35	1	r
246	35	2	t
246	38	1	r
246	41	0	i
246	44	0	i
246	51	2	t
247	8	20	E
247	24	8	c
247	33	35	u
247	52	7	R
247	55	9	c
247	55	17	l
248	7	1	i
248	7	2	t
248	18	0	i
248	18	2	t
248	25	1	i
248	29	0	i
248	52	13	E
250	2	0	i
250	2	2	s
250	7	0	i
250	29	3	e
250	31	5	c
250	41	0	i
250	55	32	r
250	56	6	(
250	56	9	a
250	56	12	(
250	56	13	,
250	56	17	a
250	56	24	a
250	56	28	-
250	56	33	-
250	56	35	.
250	56	42	-
250	56	47	I
250	56	50	a
250	56	52	a
250	56	55	0
250	57	2	,
250	57	6	-
252	0	77	m
252	6	3	l
252	9	0	i
252	9	3	r
252	12	11	o
252	13	3	o
252	16	0	i
252	16	13	o
252	22	14	v
252	25	16	e
252	32	1	z
252	36	0	i
252	36	2	t
252	39	0	i
252	39	1	z
253	33	3	a
254	2	0	j
254	8	1	a
254	9	3	e
254	26	0	j
254	26	2	e
254	38	0	j
255	30	11	+
256	30	43	R
256	55	4	a
257	26	12	s
257	38	21	E
258	0	1	u
258	6	1	u
258	15	31	s
258	24	3	s
258	30	5	o
258	33	0	k
258	35	0	k
258	41	0	k
258	44	33	v
259	5	3	e
260	11	30	E
260	13	3	a
260	31	25	b
260	31	27	S
262	15	4	a
262	41	34	v
263	55	8	p
265	53	5	l
265	53	6	l
265	56	8	.
266	5	2	n
266	14	3	g
266	21	18	E
267	4	52	E
267	28	0	k
267	56	5	e
267	56	11	n
268	55	11	r
268	55	12	o
268	55	17	k
270	8	2	p
270	15	2	p
270	23	3	u
271	33	5	n
272	12	7	c
272	54	6	o
273	46	24	o
274	3	13	S
274	6	6	R
274	35	3	b
276	25	54	E
276	34	7	a
277	55	15	a
278	31	17	i
278	47	1	a
278	54	4	l
279	3	3	o
279	4	38	o
279	12	15	E
279	52	7	8
281	56	7	k
282	5	0	k
282	5	4	o
282	13	1	e
284	5	2	r
284	9	0	k
284	9	2	s
284	25	0	k
284	51	0	k
286	0	34	a
286	54	60	s
287	12	28	o
287	32	19	l
287	54	4	r
287	54	6	r
287	54	8	r
287	54	21	-
288	10	1	l
290	8	0	k
290	11	0	k
290	18	1	o
291	17	13	e
291	17	28	a
291	24	9	a
292	8	4	o
293	19	10	d
294	3	0	k
294	6	0	k
294	12	0	k
294	28	1	o
295	32	21	s
295	53	3	-
295	53	5	l
295	53	10	k
296	6	1	o
296	24	0	k
296	27	0	k
296	31	0	k
297	18	26	o
298	0	0	k
298	3	0	k
298	20	47	S
298	53	8	n
302	12	61	o
302	27	1	o
302	33	34	l
302	34	1	o
302	37	9	R
302	49	64	k
303	30	31	o
303	31	7	u
303	52	4	a
304	2	0	k
304	4	0	k
304	10	0	k
304	21	13	e
304	49	14	+
305	41	13	e
306	6	9	o
306	44	23	a
306	44	35	u
306	44	54	a
306	45	57	l
306	46	12	o
307	54	19	R
308	34	53	p
308	48	33	r
308	53	20	o
310	6	1	o
310	9	1	o
310	19	46	E
311	49	43	c
312	47	54	R
312	56	27	r
313	5	57	s
313	11	13	o
313	36	6	r
314	2	1	o
314	4	1	o
314	7	1	o
314	8	32	c
315	45	13	d
315	47	5	n
316	0	56	D
316	2	0	k
316	6	0	k
318	6	1	o
320	50	3	D
321	24	3	v
321	32	3	l
322	18	1	r
322	21	1	r
322	23	1	r
322	26	1	r
322	43	10	u
323	37	33	o
323	56	17	k
325	22	11	n
326	4	1	r
326	4	4	o
327	29	15	l
327	55	3	s
328	2	1	u
329	54	3	s
329	54	5	s
330	2	1	u
330	11	3	b
330	14	1	u
330	53	20	e
332	2	1	u
333	0	8	s
333	32	1	a
333	32	18	a
333	32	20	e
334	13	3	a
334	36	3	o
334	43	4	o
334	51	0	l
337	29	5	i
337	43	14	I
338	35	6	E
341	20	8	z
341	21	12	s
341	21	18	a
341	48	37	E
342	12	0	I
343	0	5	o
343	26	14	e
344	3	6	D
344	31	0	l
344	34	0	l
344	40	0	l
345	6	5	o
345	33	1	i
345	46	5	a
345	46	8	f
346	8	8	o
346	33	0	l
346	44	0	l
346	50	0	l
347	7	3	s
347	10	18	D
347	23	51	k
347	23	53	l
347	37	4	b
348	37	0	l
348	47	0	l
348	50	0	l
348	52	4	u
349	4	21	g
350	16	59	o
351	53	19	g
352	9	61	n
353	35	3	a
354	8	4	l
354	13	4	l
355	0	5	8
355	32	7	8
356	28	53	m
356	33	43	a
357	49	3	s
358	13	0	m
361	38	48	e
361	54	4	o
362	11	3	r
363	32	1	a
364	55	10	h
366	2	0	m
366	52	44	r
367	8	5	c
367	36	9	R
368	3	5	c
368	24	3	b
368	54	9	s
369	47	6	b
370	8	0	m
371	27	34	g
372	2	3	b
372	13	0	m
372	53	15	c
372	54	3	z
376	5	5	o
376	8	2	t
376	31	1	e
377	6	46	k
377	23	31	o
377	23	38	o
377	50	1	a
377	54	9	k
378	2	0	m
378	17	3	s
378	25	4	o
378	35	0	m
378	45	8	o
378	47	3	o
379	36	16	o
379	43	7	o
379	44	8	i
380	24	12	o
380	53	5	e
380	53	43	e
381	7	9	o
381	21	58	k
381	48	17	r
382	14	9	r
382	16	10	)
382	22	9	g
382	26	11	.
382	29	9	o
383	0	5	n
383	3	5	l
383	12	5	s
383	21	38	a
384	30	64	E
384	50	4	m
385	48	4	s
386	11	10	a
386	20	15	m
386	22	8	S
386	23	26	o
386	25	10	g
386	25	16	S
386	26	9	o
386	28	20	g
386	31	22	.
386	35	8	o
386	37	10	)
386	37	11	g
386	40	8	)
386	44	6	m
386	56	15	z
386	56	65	.
386	58	2	s
387	0	5	n
387	0	6	o
387	22	1	o
387	55	24	m
388	0	58	n
388	53	4	m
389	3	7	o
389	47	35	e
390	2	44	l
390	3	10	D
391	3	3	s
393	13	3	m
393	13	27	a
393	24	19	n
393	27	1	u
393	27	20	e
393	30	13	o
393	36	4	a
393	51	3	d
394	15	12	o
394	24	12	z
394	24	19	M
394	27	6	o
394	27	8	l
394	30	6	s
394	36	6	s
394	52	65	o
395	7	17	a
395	7	20	r
396	3	33	a
396	9	1	h
396	14	16	S
397	3	12	n
397	11	12	e
397	15	1	a
398	10	33	E
398	22	7	N
402	8	55	i
403	52	3	d
408	57	23	s
410	2	43	u
411	48	6	E
412	19	37	"
413	26	44	E
415	10	56	I
417	3	45	l
417	43	6	b
418	5	3	o
418	46	56	u
419	50	34	k
420	8	5	l
424	2	0	p
424	15	22	s
425	53	53	m
428	0	14	m
428	5	43	r
429	5	16	a
429	25	37	o
430	11	6	D
430	16	21	s
430	19	15	s
430	36	1	a
432	51	32	I
433	0	6	6
433	7	21	D
433	7	22	E
433	31	28	E
433	38	46	R
433	40	57	R
433	50	54	R
434	19	18	e
437	2	54	r
439	56	4	a
439	56	5	v
439	56	13	l
441	48	7	b
443	3	48	o
443	22	8	o
445	54	4	h
447	41	35	o
448	15	24	a
448	53	4	S
448	53	7	l
448	53	24	R
449	2	4	a
449	42	38	e
450	33	8	o
450	55	6	m
451	0	5	4
451	3	5	l
451	55	2	a
453	0	4	4
453	0	5	n
454	5	12	E
456	14	11	L
457	45	13	E
458	9	21	E
458	45	52	s
459	13	20	o
460	27	4	E
460	45	9	L
460	45	12	s
460	45	28	s
461	49	18	E
461	56	3	v
461	56	4	a
461	56	16	n
462	57	8	l
463	53	6	a
463	53	22	-
464	2	12	E
464	18	6	s
465	34	7	a
467	11	16	b
469	23	13	e
469	30	5	a
469	53	4	r
469	53	5	o
470	4	57	o
471	13	18	o
472	47	51	g
472	56	3	p
472	56	9	o
473	46	32	s
475	19	57	a
475	37	26	a
475	43	7	R
477	6	12	K
479	56	4	I
479	56	13	n
480	8	6	s
481	13	55	L
481	18	55	D
481	19	57	i
481	20	55	i
481	37	58	b
481	58	28	b
481	58	42	s
483	42	3	s
484	32	42	E
486	6	31	s
486	8	31	s
486	31	54	s
487	2	4	n
487	2	5	o
487	5	5	l
487	23	31	o
489	3	53	s
489	22	18	a
489	52	10	e
489	55	3	p
490	0	53	8
490	45	28	a
490	45	31	s
492	52	9	-
492	52	10	o
492	57	3	s
493	30	27	o
493	51	3	b
493	51	6	a
493	54	9	a
495	43	6	o
495	54	13	n
496	44	41	c
497	24	25	a
497	31	14	s
498	2	7	E
498	2	10	l
498	3	10	s
498	6	7	r
498	6	50	m
498	7	14	r
498	7	64	i
498	14	10	I
498	14	20	a
498	14	22	s
498	17	7	r
498	20	6	E
498	20	7	a
498	20	10	I
498	20	11	r
498	20	19	p
498	22	7	-
498	23	11	o
498	25	6	E
498	25	14	-
498	28	6	-
498	28	9	-
498	28	21	p
498	32	6	r
498	32	9	-
498	32	21	i
498	35	15	r
498	36	14	k
498	36	16	e
498	42	10	l
498	45	11	r
498	45	13	l
498	46	47	D
498	48	6	u
498	48	15	e
498	49	7	a
498	49	54	-
498	49	56	-
498	49	64	f
498	53	55	-
498	53	61	r
498	54	62	=
498	56	10	a
499	0	1	s
500	27	6	a
500	35	15	s
500	49	4	b
501	3	28	k
501	3	54	u
501	8	9	o
501	8	13	o
501	18	22	e
501	18	32	l
501	56	19	n
501	56	22	n
502	3	3	o
502	3	16	a
502	6	6	n
502	6	23	R
503	9	4	p
503	23	2	v
504	2	5	a
504	3	5	b
504	6	4	e
504	6	14	a
504	6	21	a
504	6	34	a
504	10	51	R
504	22	1	e
504	28	47	e
505	27	23	i
506	3	58	e
506	3	59	l
506	11	3	o
506	12	62	o
506	18	2	m
506	18	6	g
506	18	14	a
506	19	5	m
506	29	4	E
506	29	16	g
506	33	2	n
506	36	55	z
506	39	1	l
506	42	3	o
506	42	7	g
506	42	54	o
506	43	47	n
506	43	59	-
506	43	63	-
506	46	3	n
506	46	4	g
506	49	9	o
506	49	14	s
506	50	49	a
506	50	52	-
506	50	54	a
507	5	32	S
508	49	45	Y
508	60	11	n
509	38	5	o
509	54	6	o
509	54	11	d
509	54	18	e
510	2	10	z
510	15	64	o
510	49	55	h
513	1	81	R
513	8	36	m
513	17	73	o
513	18	73	i
513	23	60	D
513	27	74	n
513	32	71	?
513	32	72	D
513	34	69	i
513	34	72	n
513	43	66	l
513	43	69	r
514	0	0	,
514	7	37	I
516	45	24	a
518	29	44	t
518	53	5	a
520	6	1	a
520	31	48	o
520	36	19	b
521	18	9	z
521	23	54	L
521	32	50	a
521	43	51	I
521	54	4	a
522	3	49	c
522	10	0	s
522	10	1	e
522	42	7	c
522	53	27	c
523	44	27	o
524	18	18	e
526	51	33	E
526	56	7	r
527	20	1	e
527	20	3	e
527	20	5	a
527	20	13	a
527	20	20	o
527	20	29	s
528	7	10	.
528	7	14	a
528	8	15	s
528	13	50	g
528	13	51	u
528	39	18	c
529	5	4	k
529	9	18	l
529	9	19	l
529	9	23	o
529	23	0	s
530	0	58	a
530	2	7	a
530	3	23	a
530	3	43	o
530	5	2	s
530	5	4	a
530	10	52	p
530	12	1	R
530	13	54	a
530	20	64	l
530	22	7	a
530	22	55	o
530	23	20	l
530	26	1	s
530	26	2	u
530	26	11	E
530	26	14	d
530	27	67	j
530	30	2	t
530	30	8	b
530	30	9	+
530	30	54	o
530	33	0	E
530	33	54	r
530	35	58	-
530	36	7	a
530	36	59	n
530	36	63	l
530	38	0	E
530	38	57	r
530	39	7	l
530	39	59	-
530	40	57	r
530	40	59	,
530	40	60	-
530	41	57	.
530	41	59	l
530	41	60	-
530	42	55	-
530	43	3	s
530	43	10	m
530	45	0	E
530	45	12	i
530	49	6	l
530	49	54	-
530	50	6	l
530	50	53	,
530	50	54	-
530	51	7	n
530	54	57	a
530	55	52	.
530	55	55	-
530	55	56	-
530	55	58	-
531	9	13	l
531	15	0	s
531	24	23	s
531	24	29	s
531	24	34	o
531	24	40	s
531	51	13	o
532	30	46	a
533	29	24	s
533	52	3	o
533	52	4	a
533	54	16	a
533	54	17	k
534	3	21	k
534	24	6	s
534	27	6	s
534	27	27	t
534	56	17	i
535	8	3	r
535	8	9	f
535	10	5	n
535	11	9	a
535	51	35	E
536	10	22	E
536	13	32	h
536	14	25	b
536	51	62	p
537	3	3	n
537	3	5	a
537	11	6	o
537	25	0	s
537	25	15	e
537	56	14	a
538	3	34	l
538	9	12	R
538	12	52	s
538	22	16	a
538	34	8	L
538	47	13	z
539	15	47	o
539	24	0	s
540	44	68	o
541	13	3	l
543	4	21	E
543	12	3	s
543	34	16	e
544	6	10	l
544	19	12	h
544	37	11	o
544	48	43	o
544	48	50	o
545	0	3	S
545	1	38	p
545	2	2	r
545	2	19	n
545	2	33	I
545	2	34	I
545	2	43	o
545	2	45	o
545	2	58	L
545	5	48	.
545	6	19	.
545	6	25	a
545	7	8	a
545	7	24	p
545	9	2	r
545	11	44	"
545	11	58	u
545	11	59	h
545	12	54	u
545	13	48	a
545	13	60	a
545	16	7	o
545	16	11	e
545	16	53	e
545	18	23	a
545	18	37	L
545	19	55	r
545	20	22	o
545	20	29	i
545	20	30	n
545	21	26	?
545	23	7	h
545	23	58	o
545	26	55	o
545	26	60	o
545	30	34	s
545	30	54	i
545	30	56	-
545	31	8	n
545	31	14	s
545	33	11	l
545	33	32	n
545	33	46	*
545	34	12	o
545	35	7	o
545	37	11	m
545	38	39	-
545	38	40	r
545	40	4	u
545	40	12	u
545	41	36	-
545	42	35	-
545	42	37	0
545	42	39	I
545	45	32	(
545	45	38	I
545	45	54	s
545	47	0	I
545	47	2	a
545	49	4	h
545	51	33	(
545	53	0	I
545	53	3	p
545	54	30	-
545	55	31	-
545	55	35	T
545	56	29	.
545	56	38	s
545	57	29	-
545	57	54	a
546	2	37	I
546	2	45	u
546	5	35	=
546	6	7	p
546	6	15	n
546	6	22	,
546	7	20	.
546	8	28	r
546	11	8	n
546	12	15	a
546	12	30	I
546	12	35	n
546	12	40	r
546	13	28	a
546	15	15	t
546	15	55	i
546	15	58	d
546	16	4	o
546	16	28	u
546	16	34	u
546	17	29	u
546	17	33	c
546	20	1	o
546	20	3	a
546	20	9	M
546	20	50	i
546	21	6	a
546	21	8	L
546	21	47	L
546	24	14	a
546	24	52	n
546	24	53	s
546	24	59	c
546	25	12	u
546	25	61	n
546	26	6	L
546	28	7	g
546	30	5	o
546	30	6	o
546	30	22	n
546	30	26	i
546	30	29	g
546	30	32	i
546	31	5	I
546	31	7	r
546	33	50	n
546	34	10	.
546	34	12	-
546	34	13	-
546	34	16	a
546	34	29	i
546	35	2	-
546	35	17	a
546	37	2	n
546	37	24	1
546	38	24	a
546	38	27	,
546	39	23	a
546	39	24	i
546	39	55	a
546	40	23	.
546	40	24	-
546	40	52	L
546	40	53	D
546	40	57	S
546	41	14	+
546	41	31	o
546	41	53	x
546	41	55	D
546	42	9	r
546	42	53	D
546	44	6	n
546	45	50	.
546	46	1	r
546	47	23	t
546	52	7	s
546	52	14	n
546	52	15	n
546	53	39	o
546	54	27	i
546	54	29	a
546	55	6	I
546	55	19	l
546	55	38	-
546	55	39	a
546	56	38	a
546	57	20	-
549	53	5	s
549	53	7	a
551	5	17	R
551	41	0	s
551	44	0	s
552	48	16	c
553	18	3	u
553	33	6	o
553	40	18	E
554	19	0	s
554	19	6	o
554	23	38	E
554	57	4	a
555	28	47	f
555	34	3	b
555	47	1	q
556	45	53	e
558	3	6	d
558	32	6	.
558	35	21	L
558	40	48	k
558	49	5	a
558	49	22	s
559	28	14	L
559	44	31	a
559	50	4	b
560	49	33	n
560	54	11	D
561	34	0	s
562	56	14	i
563	39	4	E
563	48	4	s
565	8	5	a
565	19	72	.
565	36	37	c
565	40	6	a
565	44	8	r
565	52	59	r
566	46	12	m
567	11	15	s
567	35	15	o
569	50	15	s
569	55	44	r
570	43	58	E
571	11	2	s
572	5	54	s
572	20	33	,
572	40	31	d
574	12	6	o
574	31	26	d
574	56	21	d
575	44	12	D
576	5	11	s
576	37	13	z
576	42	4	b
576	48	39	S
576	57	6	E
577	13	8	i
578	59	7	s
579	46	6	l
581	53	3	p
581	53	6	r
582	6	3	h
584	38	42	i
584	54	7	I
584	54	8	I
584	54	11	I
585	48	55	v
586	6	19	i
587	0	3	n
587	0	4	D
587	35	23	E
587	45	46	p
588	18	7	l
588	18	10	r
588	22	10	d
588	25	14	a
588	27	11	m
588	34	19	a
588	34	21	a
588	42	10	e
588	50	53	p
589	2	15	-
589	4	31	d
589	5	22	s
589	35	36	e
590	21	47	s
591	14	29	u
591	30	3	n
591	40	6	E
591	48	56	R
591	56	9	l
591	56	10	v
592	34	63	o
595	2	30	u
595	30	29	o
595	40	2	a
595	52	38	o
596	21	44	k
596	51	4	a
598	28	37	n
599	53	7	d
600	9	13	o
600	10	5	h
600	55	56	s
601	52	28	I
606	24	37	f
606	41	49	R
607	0	3	n
607	3	3	f
607	3	17	s
607	19	7	L
609	3	31	s
609	54	31	i
609	54	32	a
609	54	34	-
609	54	35	-
609	54	36	-
609	54	38	v
609	54	40	-
609	54	42	-
609	54	45	I
609	54	50	i
610	5	45	E
610	7	6	o
610	8	3	o
610	19	2	b
610	21	2	b
610	21	5	o
610	24	2	b
610	48	4	i
611	6	15	o
611	20	4	o
611	51	12	D
611	51	14	8
612	13	55	a
613	0	9	n
613	0	10	o
613	33	15	a
614	0	73	s
614	13	7	a
614	21	14	d
614	41	2	)
614	41	11	e
614	41	52	s
615	26	13	o
616	25	20	L
617	55	15	a
618	3	4	s
618	51	4	h
619	3	13	s
619	47	22	s
621	3	5	o
621	4	5	o
621	6	1	u
621	7	3	C
621	7	4	I
621	7	6	z
621	9	7	o
621	9	51	s
621	12	5	c
621	12	6	o
621	47	17	o
622	2	4	o
622	2	6	o
622	6	5	o
622	8	2	t
622	8	7	o
622	9	4	e
622	9	6	c
622	10	4	o
622	12	7	a
622	13	5	o
622	46	2	a
623	0	73	,
623	55	4	o
623	55	5	r
625	22	9	g
625	22	11	a
625	22	21	o
625	23	41	e
625	23	46	Y
625	28	31	a
625	28	38	s
625	31	26	a
626	22	37	a
626	28	34	s
627	0	6	6
627	7	33	o
627	49	18	q
628	22	12	o
629	0	44	.
630	7	38	P
630	49	11	.
630	58	18	o
631	2	32	r
632	17	4	h
632	37	53	m
633	33	33	g
635	0	11	6
635	16	62	a
637	5	0	c
638	0	53	t
