# Casse tranchee cellule par cellule sur la composante connexe de la lettre.
# Priorite basse : toute correction a la main l'emporte.
0	2	38	S
0	2	47	U
0	3	38	M
0	4	16	E
0	4	59	R
0	5	13	S
0	5	41	R
0	5	58	N
0	5	60	E
0	6	3	A
0	6	13	A
0	6	38	U
0	6	48	A
0	6	49	A
0	6	60	M
0	6	69	S
0	7	70	M
0	8	2	S
0	8	3	A
0	8	48	E
0	9	17	S
0	9	71	A
0	9	72	S
0	10	62	S
0	12	10	R
0	12	25	S
0	12	50	E
0	13	38	M
0	14	35	A
0	15	40	S
0	33	37	C
0	33	39	S
0	33	40	A
0	33	42	A
0	46	33	V
0	46	42	A
0	48	34	M
0	48	41	M
0	60	59	S
2	19	37	R
5	9	9	E
5	41	3	E
6	18	22	E
6	37	35	E
11	18	1	N
13	44	49	S
13	44	50	O
20	27	50	U
22	37	56	O
22	37	59	A
24	53	26	U
26	16	27	M
28	10	12	E
28	10	14	E
28	20	2	U
28	20	3	R
29	12	3	M
30	34	26	R
30	42	43	O
31	18	10	N
31	56	4	E
32	4	4	E
32	9	3	E
32	11	7	E
33	12	57	N
34	40	10	N
36	5	2	R
39	1	4	O
39	20	7	M
42	6	19	N
42	28	25	E
42	28	42	E
43	8	40	S
43	27	0	A
43	32	7	O
45	45	10	M
46	5	9	N
47	18	55	R
47	18	56	E
47	26	48	A
48	20	40	R
49	23	33	N
49	23	45	O
49	23	58	O
49	24	45	A
49	26	36	U
49	26	47	A
49	27	10	A
49	29	20	C
50	4	68	O
50	22	37	C
50	24	13	A
50	24	37	O
50	24	38	R
50	24	39	E
50	24	44	R
50	24	49	R
50	24	51	O
50	24	52	N
50	24	62	O
50	24	64	O
50	24	67	O
50	24	68	R
50	25	25	A
50	25	39	A
50	25	45	R
50	25	49	O
50	25	50	Z
50	25	54	O
50	25	55	R
50	25	57	A
50	25	59	U
50	25	60	S
50	25	62	A
50	25	63	R
50	27	48	N
50	27	50	E
50	27	56	A
50	27	60	N
50	27	61	U
50	28	49	A
50	29	49	Z
50	30	7	A
50	30	8	S
50	30	9	E
50	30	12	A
50	30	17	U
50	30	18	A
50	30	20	N
50	30	24	O
50	30	25	N
50	30	27	E
50	30	36	O
50	60	0	S
51	23	56	R
51	26	16	N
51	26	38	O
51	26	49	U
51	27	36	A
51	27	56	U
51	27	58	U
51	27	59	Z
51	28	18	R
51	30	5	A
52	19	42	O
52	23	21	C
52	24	9	O
52	24	10	N
52	24	30	A
52	24	39	V
52	24	60	U
52	25	10	U
52	25	19	N
52	25	22	U
52	25	30	N
53	11	9	N
53	25	29	R
53	27	4	A
53	27	34	O
53	30	5	O
53	30	10	O
53	30	29	R
53	30	35	R
54	24	34	R
54	24	58	A
54	25	28	O
54	33	27	R
55	25	37	N
56	33	43	N
57	22	61	E
57	22	62	N
57	22	63	S
57	22	64	A
57	23	51	A
57	23	57	O
57	23	58	Z
57	23	60	S
57	23	62	V
57	23	63	E
57	23	64	R
57	24	0	S
57	24	3	O
57	24	4	S
58	27	19	O
58	42	6	O
60	7	32	S
61	16	52	M
61	22	35	O
61	23	26	A
61	23	43	Z
61	27	3	A
61	29	51	A
61	32	51	O
61	47	48	O
62	25	58	V
62	25	59	E
62	26	58	R
62	26	63	O
63	23	32	U
63	23	44	O
63	23	49	X
63	23	57	E
63	23	58	R
63	24	45	O
63	24	56	A
63	25	34	U
63	25	43	R
63	25	52	N
63	25	56	N
63	25	57	O
63	28	31	E
64	23	8	R
64	23	35	R
64	23	47	N
64	23	59	A
64	23	60	R
64	24	9	U
64	26	59	A
64	36	37	R
66	3	63	A
66	3	66	A
66	4	60	U
66	4	65	R
66	5	54	R
66	22	38	A
66	22	54	N
66	22	59	E
66	22	66	R
66	22	67	A
66	23	32	U
66	23	33	R
66	23	34	N
66	23	35	O
66	23	45	Z
66	23	51	E
66	23	55	N
66	23	56	A
66	23	59	O
66	23	69	A
66	26	53	N
66	26	63	R
66	26	65	S
66	26	66	A
66	26	69	A
66	26	71	O
67	31	34	R
67	31	38	R
67	31	39	A
68	24	11	Z
68	36	0	O
69	19	25	O
71	56	29	A
71	56	31	R
71	56	36	O
71	57	28	R
71	57	38	S
71	57	40	O
71	57	41	R
71	57	42	O
71	57	47	A
71	57	49	S
71	57	51	A
71	57	52	R
71	57	53	S
71	57	54	E
71	57	56	O
72	44	0	O
72	47	34	N
72	47	47	E
72	47	48	N
72	47	53	E
76	22	10	O
76	22	26	E
76	22	38	R
76	45	18	O
77	21	18	E
77	30	4	E
78	26	60	O
78	28	44	N
78	28	45	A
78	28	47	E
78	30	44	Z
78	30	48	E
78	30	59	A
78	30	60	N
78	30	62	A
79	36	19	E
81	31	50	E
81	38	0	N
81	51	29	O
83	17	45	O
86	23	57	A
87	2	0	U
88	10	3	N
88	19	22	N
91	22	59	R
93	33	61	A
94	13	48	N
94	13	61	N
94	13	64	A
94	13	65	R
94	40	43	R
95	27	59	R
95	30	3	N
95	30	5	O
95	36	37	O
95	36	46	O
97	24	59	N
97	26	31	R
98	39	14	C
98	39	20	U
99	24	10	Z
99	51	4	A
99	51	7	A
103	22	19	V
105	39	15	E
106	15	0	S
106	19	1	A
106	19	11	A
106	40	45	U
109	17	19	A
109	23	12	R
109	50	40	O
110	14	53	R
113	29	38	N
114	9	31	O
114	14	34	O
114	14	38	U
114	14	41	O
115	47	7	N
116	31	19	V
116	32	12	N
117	22	24	C
117	22	45	N
117	22	46	U
117	22	48	R
117	22	49	O
117	22	51	R
117	22	55	M
117	25	26	O
117	25	39	N
117	25	57	V
117	25	58	A
117	26	22	N
118	14	10	O
118	22	5	N
120	22	16	E
121	58	21	A
121	58	23	S
121	58	25	O
121	58	27	O
122	26	54	R
123	11	52	N
128	7	60	N
128	44	45	A
130	43	16	U
136	21	25	A
138	16	10	R
138	36	56	R
141	58	3	M
141	58	6	A
141	58	12	E
141	58	15	O
141	58	17	S
144	18	50	W
144	48	21	U
146	47	8	N
148	40	24	M
151	23	51	O
158	1	11	N
159	27	33	R
159	27	41	X
160	23	23	R
160	43	14	E
162	31	5	V
163	23	31	S
163	23	33	S
164	32	1	S
166	45	56	A
166	47	57	C
166	48	36	U
166	48	49	U
166	48	50	A
166	48	56	R
166	48	62	O
166	51	49	O
166	51	55	U
166	51	57	R
166	51	59	V
166	51	62	A
170	16	25	E
173	29	28	N
175	43	59	S
176	16	1	S
177	54	8	A
183	45	48	R
186	5	5	E
186	34	36	N
186	48	1	R
188	29	11	Z
190	15	1	U
190	24	1	M
190	50	58	O
190	50	63	C
190	50	64	A
190	54	4	E
191	16	16	N
191	40	33	U
191	40	37	O
198	51	6	A
199	50	37	C
199	50	38	O
199	50	41	O
199	50	42	R
201	6	15	O
201	6	18	O
201	49	44	R
204	51	47	R
205	47	38	C
205	47	39	E
207	33	11	S
210	38	29	O
210	46	21	O
210	46	24	S
211	11	8	V
213	5	32	S
213	5	34	S
213	30	30	O
214	28	50	U
214	28	54	C
214	30	15	R
214	30	32	O
214	30	33	R
214	30	35	Z
214	30	52	U
215	29	14	Z
215	29	25	Z
215	29	30	N
215	29	33	R
215	29	34	U
215	29	35	M
215	29	57	C
215	30	29	E
215	30	34	O
215	30	39	R
215	30	43	C
215	30	44	A
215	30	45	N
215	30	53	U
215	31	38	A
215	31	48	O
215	31	58	M
215	40	50	N
215	45	56	V
216	22	12	N
216	26	27	Z
216	26	37	Z
216	28	22	O
216	28	32	A
216	28	43	N
217	27	20	U
217	27	38	R
217	27	42	E
218	17	40	R
218	17	57	E
218	17	59	O
218	20	22	A
218	20	23	N
218	20	27	N
218	20	31	E
218	20	32	R
218	20	33	C
218	20	34	O
218	20	42	R
218	20	43	U
218	20	44	N
218	20	45	A
218	20	47	R
218	22	22	A
218	22	32	C
218	22	45	A
218	22	50	C
218	22	56	O
218	22	59	U
218	22	60	A
218	23	20	O
218	23	28	N
218	25	37	R
218	25	39	E
218	25	56	U
218	25	59	O
218	26	21	O
218	26	29	R
218	26	38	R
218	52	40	E
219	20	31	C
219	24	10	U
219	24	18	E
219	24	20	V
219	24	36	E
219	24	38	A
219	24	45	R
219	25	17	N
219	25	19	O
219	25	21	U
219	25	23	U
219	25	24	Z
219	25	29	O
219	25	30	R
219	25	33	U
219	25	36	A
219	25	37	R
219	25	48	R
219	25	55	R
219	27	18	O
219	27	26	N
219	27	37	A
220	18	0	N
220	19	36	A
220	21	28	A
220	21	37	R
220	21	38	O
220	21	45	O
220	22	19	A
220	22	20	V
220	22	28	U
220	22	29	R
220	22	30	A
220	22	36	A
220	22	48	R
220	23	8	O
220	23	10	N
220	23	13	U
220	23	15	A
220	25	0	R
220	25	1	E
220	25	2	R
220	25	11	M
220	26	13	U
220	26	19	N
220	26	27	R
220	26	37	V
220	27	28	A
220	27	36	A
222	14	23	N
222	20	51	A
222	21	31	X
223	25	38	U
223	25	42	R
223	26	25	U
223	26	31	E
223	26	38	E
223	26	42	U
223	27	31	E
223	27	32	N
223	29	7	R
223	29	15	M
223	29	16	E
223	29	23	A
223	29	24	U
223	29	25	R
223	29	27	C
223	29	28	O
223	29	33	U
223	29	37	M
223	29	38	O
223	29	39	R
223	29	54	U
223	30	14	O
223	30	25	U
223	30	34	O
223	30	35	R
223	30	42	E
223	30	44	C
224	20	29	U
224	20	30	R
224	20	36	R
224	20	43	X
224	23	20	E
224	23	23	R
224	23	29	U
224	23	34	O
224	23	35	Z
224	23	36	A
224	23	41	R
224	23	43	E
224	23	46	A
224	23	52	N
224	23	53	O
224	23	56	C
224	23	58	E
224	24	30	U
224	24	42	R
224	24	43	O
224	24	45	O
224	24	53	C
224	24	58	A
224	24	59	S
224	25	11	O
224	25	12	Z
224	27	11	N
224	27	13	O
224	27	19	A
224	27	28	E
224	27	34	R
224	27	35	E
224	27	39	A
224	27	40	N
224	27	44	U
224	27	45	A
224	27	50	O
224	27	51	N
224	27	59	M
224	30	27	O
224	30	43	R
225	28	15	A
225	28	23	U
225	28	30	A
225	28	31	R
225	28	38	M
225	28	39	O
225	28	47	U
225	28	50	A
225	29	18	U
225	29	20	A
225	29	31	O
225	29	34	R
225	29	38	Z
225	29	39	A
225	29	45	A
226	11	58	O
227	25	11	O
227	25	12	Z
227	25	14	R
227	25	24	R
227	27	9	R
227	27	13	O
227	27	17	A
227	27	19	A
227	27	20	R
227	27	22	O
227	27	30	N
227	27	35	R
227	27	37	O
227	29	0	N
227	29	8	O
227	29	16	O
227	29	21	E
227	29	23	O
227	29	28	N
227	29	32	O
227	29	40	O
227	30	9	R
227	30	10	A
227	30	24	O
228	23	10	N
228	25	9	O
228	25	23	E
228	25	26	A
228	25	27	O
228	25	28	A
228	25	31	U
228	25	37	A
228	25	39	R
228	25	44	O
228	25	46	E
228	25	50	U
228	25	51	A
228	25	54	A
228	25	56	V
228	25	61	M
228	25	62	O
228	26	6	S
228	26	9	O
228	26	11	E
228	26	14	O
228	26	15	M
228	26	17	U
228	26	20	A
228	26	22	A
228	28	4	M
228	28	5	E
228	28	7	R
228	28	8	O
228	28	13	M
228	28	14	A
228	28	16	E
228	28	17	M
228	28	21	N
228	28	24	R
228	28	26	M
228	28	28	N
228	28	30	O
228	28	34	R
228	28	38	A
228	28	40	O
228	28	42	U
228	28	44	M
228	28	45	E
228	28	46	Z
228	28	47	U
228	28	48	R
228	28	49	A
228	28	50	S
228	28	53	A
228	28	55	A
228	28	58	E
228	28	59	S
228	28	60	O
228	29	6	U
228	29	14	U
228	29	15	N
228	29	17	O
228	29	19	S
228	29	20	U
228	29	22	E
228	29	23	R
228	29	25	N
228	29	26	O
228	29	27	R
228	29	29	Z
228	29	30	O
228	29	33	O
228	31	8	O
228	31	21	N
228	31	23	R
228	31	30	R
228	31	34	A
228	31	35	R
228	31	39	E
228	31	42	N
228	31	43	O
228	31	46	R
228	31	47	M
228	31	48	A
229	20	56	M
229	25	43	U
229	25	58	N
229	28	12	R
229	28	20	R
229	28	28	E
229	28	30	A
229	28	31	S
229	28	34	N
229	28	36	E
229	28	37	R
229	28	40	M
229	28	43	O
229	28	44	R
229	28	48	R
229	29	26	E
229	29	27	R
229	29	28	A
229	29	32	R
229	29	41	O
229	29	42	O
229	30	16	A
229	56	21	N
230	10	3	A
230	21	40	O
230	21	51	U
230	21	52	O
230	22	35	A
230	22	36	R
230	22	51	R
230	22	53	A
230	22	54	C
230	22	55	U
230	22	57	E
230	23	35	N
230	24	18	A
230	24	36	O
230	24	52	R
230	24	56	R
230	27	2	R
230	27	4	C
230	27	6	O
230	27	10	N
230	27	13	R
230	27	16	E
230	27	17	N
230	27	19	O
230	27	21	U
230	27	22	Z
230	27	23	A
230	27	25	A
230	27	28	O
230	27	29	R
230	27	36	A
230	27	37	R
230	27	40	U
230	27	41	A
230	27	45	O
230	27	47	O
230	27	49	E
230	27	50	S
230	27	51	A
230	27	52	S
230	27	57	A
230	29	29	A
230	29	36	U
231	18	35	R
231	18	37	O
231	19	33	A
231	21	19	A
231	21	23	Z
231	21	28	U
231	21	37	O
231	21	47	A
231	21	48	R
231	24	0	R
231	26	8	M
231	26	9	O
231	26	13	O
231	26	16	R
231	26	19	O
231	26	25	A
231	26	29	U
231	26	30	M
231	26	31	A
231	26	34	S
231	26	42	E
231	26	43	N
231	26	46	A
231	26	47	O
231	26	48	O
231	26	49	O
231	26	53	U
231	26	59	S
231	27	18	R
231	27	19	E
231	27	22	A
231	27	26	N
231	27	34	A
231	27	39	E
231	27	40	R
231	27	47	V
231	27	48	E
234	6	1	O
234	17	1	O
234	26	34	U
234	43	23	E
234	46	9	A
234	47	44	A
236	5	3	R
236	13	3	S
240	2	2	O
240	4	2	M
240	13	2	O
240	20	28	N
240	45	13	O
242	12	1	N
242	50	11	U
243	8	1	N
243	9	5	E
243	9	9	O
243	11	1	N
243	11	7	O
243	24	1	N
243	26	7	V
243	28	8	O
243	47	5	A
243	47	6	R
243	49	1	N
243	49	4	R
243	49	5	A
243	49	7	R
243	50	4	N
243	50	5	E
243	50	6	M
243	51	5	A
243	51	6	R
243	51	9	N
243	53	5	N
243	62	69	A
243	62	70	A
244	21	24	A
246	20	2	N
246	24	2	R
246	48	6	E
247	38	9	E
248	32	11	V
249	10	7	N
252	23	22	R
252	28	2	R
252	63	81	A
253	25	5	R
253	25	13	U
255	23	16	O
255	24	23	A
255	24	31	U
255	24	38	A
255	25	5	S
255	25	10	O
255	25	17	E
255	25	18	R
255	25	30	O
255	25	36	A
255	25	37	M
255	25	38	N
255	27	9	O
255	27	17	A
255	27	30	M
255	29	3	E
255	29	9	A
255	29	10	R
255	29	22	R
255	29	23	O
255	29	29	O
255	30	17	A
256	17	36	U
256	21	22	R
256	21	32	R
256	21	33	E
256	21	37	E
256	21	43	M
256	21	45	R
256	21	46	E
256	21	49	S
256	21	50	A
256	21	51	R
256	23	9	N
256	23	16	V
256	23	17	A
256	23	22	E
256	23	23	Z
256	23	24	U
256	23	25	R
256	23	26	O
256	23	28	E
256	23	31	R
256	23	32	E
256	23	33	M
256	23	34	E
256	23	37	R
256	23	38	A
256	23	39	N
256	23	44	E
256	23	47	A
256	23	50	O
256	23	52	E
256	23	54	O
256	23	59	U
256	23	61	O
256	26	2	E
256	26	3	O
256	26	8	R
256	26	9	A
256	26	10	N
256	26	16	N
256	26	20	R
256	26	22	O
256	26	27	U
256	26	28	A
256	26	30	A
256	26	33	A
256	26	35	E
256	26	36	R
256	26	38	O
256	26	41	N
256	26	43	E
256	26	44	R
256	26	50	A
256	26	51	V
256	26	52	O
256	26	57	A
256	26	60	O
256	26	61	R
256	29	25	R
256	29	30	E
256	29	33	O
256	29	37	O
256	29	40	R
256	29	51	R
256	29	55	O
256	30	2	E
256	30	8	N
256	30	17	C
256	30	28	E
256	30	33	R
256	32	19	N
256	32	21	N
256	36	1	O
257	18	54	X
257	29	12	O
257	31	18	M
258	17	31	A
258	23	29	A
258	23	56	R
258	24	36	E
258	27	2	R
258	27	62	R
258	27	63	O
258	30	49	O
258	35	2	R
258	38	2	R
258	41	2	R
260	31	25	O
262	8	15	N
263	10	14	A
263	23	18	S
263	23	24	N
263	43	57	Z
263	46	18	U
263	47	58	Z
264	42	52	N
264	45	57	U
264	46	58	A
266	46	8	E
268	44	36	A
269	44	13	S
271	43	6	Z
272	48	51	O
276	1	55	O
279	45	27	O
279	45	45	R
281	46	37	E
284	15	3	R
286	20	31	E
288	20	25	A
288	47	43	U
290	25	27	R
293	31	6	N
296	48	61	R
298	44	29	R
300	38	60	N
300	44	18	N
301	43	38	U
302	3	51	E
302	3	52	R
302	6	3	R
302	6	48	U
302	6	51	O
302	6	55	N
302	6	57	E
302	8	53	R
302	8	60	O
302	9	52	U
302	9	55	V
302	9	56	O
302	9	63	V
302	9	65	R
302	12	51	O
302	12	55	R
302	12	56	O
302	12	59	U
302	13	60	R
302	14	61	E
302	14	62	R
303	14	32	E
303	14	46	V
304	37	39	N
305	17	14	R
306	18	40	N
306	45	13	A
306	46	25	O
306	46	33	R
306	46	37	O
306	46	41	N
306	49	14	O
306	49	31	R
306	49	43	O
308	45	58	R
308	48	58	U
309	47	10	R
309	47	15	R
309	50	39	E
310	10	12	N
311	27	38	N
311	42	41	R
311	42	52	R
312	16	23	R
312	45	54	R
312	50	56	O
313	24	30	R
314	29	8	O
316	16	31	S
318	24	26	A
318	25	24	A
318	29	35	U
318	47	54	N
318	47	57	O
318	47	58	R
318	48	58	N
318	48	59	O
318	49	48	R
318	49	54	E
318	49	58	U
318	50	48	O
318	50	56	O
320	50	3	N
322	31	24	A
322	33	7	E
324	19	34	E
325	45	0	M
326	13	31	O
327	29	15	N
329	2	42	V
329	27	47	E
333	25	9	A
333	25	11	A
333	25	30	N
333	25	31	A
333	25	34	U
333	25	35	A
333	26	30	O
333	27	11	A
333	29	8	O
333	29	14	O
333	29	19	N
333	29	30	U
333	29	31	Z
333	29	32	A
333	29	34	O
333	29	37	U
333	29	38	N
333	29	40	O
333	29	50	O
333	29	51	M
333	30	7	U
333	30	8	A
333	30	11	A
333	30	14	R
333	30	16	N
333	30	18	O
333	30	25	C
333	30	31	R
333	30	32	E
333	30	34	O
333	30	35	N
333	30	36	O
333	30	37	O
333	30	38	A
333	32	10	O
333	32	29	O
333	32	33	R
334	19	48	U
334	26	29	E
334	28	20	Z
334	28	22	N
334	28	23	O
334	28	24	Z
334	28	28	O
334	28	45	R
334	29	5	U
334	29	22	O
334	29	23	R
334	29	26	A
334	29	27	O
334	29	28	A
334	29	31	U
334	30	14	R
334	30	20	O
334	30	34	R
334	30	49	R
334	31	21	A
334	31	22	R
334	54	29	A
335	49	7	O
336	44	58	O
338	44	9	N
343	2	54	M
343	24	4	O
343	26	13	N
343	26	24	R
343	26	25	E
343	27	5	N
343	27	9	Z
343	27	12	U
343	27	22	M
343	30	5	O
343	30	20	R
343	30	21	U
343	30	22	M
343	30	24	N
343	30	26	O
343	30	28	U
343	30	29	Z
343	30	30	A
343	30	32	A
343	30	39	R
343	31	5	R
343	34	19	N
344	3	6	N
344	25	24	O
344	28	23	U
345	22	20	O
345	22	26	A
345	22	27	C
345	22	36	O
345	22	37	Z
345	22	41	U
345	22	44	S
345	23	16	A
345	23	25	M
345	23	27	X
345	23	35	C
345	23	38	A
345	24	35	U
345	26	32	U
345	33	3	A
346	38	29	N
347	10	19	R
347	23	54	M
347	29	18	U
347	29	21	R
347	31	15	O
348	24	3	E
348	28	21	Z
348	28	29	X
348	29	3	O
349	48	30	E
351	47	41	O
351	47	51	O
351	48	30	U
351	48	37	O
351	48	41	O
352	42	58	U
352	45	50	Z
352	45	56	R
352	45	61	U
356	43	46	U
356	49	33	E
357	27	0	M
361	34	11	N
362	11	3	N
364	13	40	N
365	34	38	N
367	23	7	E
370	50	26	M
372	16	23	R
376	31	38	O
377	26	17	E
377	26	24	E
377	26	32	A
377	26	37	O
377	26	40	C
379	19	40	M
379	19	43	R
379	19	46	E
379	19	52	V
379	19	53	A
379	19	58	N
379	22	16	O
379	22	22	A
379	22	23	N
379	22	27	R
379	22	28	A
379	22	30	O
379	22	34	U
379	22	35	A
379	22	38	O
379	22	39	S
379	22	46	S
379	22	53	N
379	22	54	A
379	22	55	R
379	23	11	X
379	23	15	M
379	23	16	E
379	23	18	M
379	23	21	R
379	23	22	A
379	25	16	C
379	25	21	O
379	25	28	R
379	25	32	A
379	25	36	A
379	25	39	R
379	25	40	E
379	25	52	O
379	26	33	S
379	26	35	O
379	26	37	O
379	26	40	E
379	27	5	C
379	27	9	O
379	27	16	E
379	27	21	N
379	27	22	E
379	27	27	E
379	27	28	R
379	27	34	N
379	27	37	R
379	27	39	M
380	19	50	N
380	22	26	N
380	25	19	A
380	27	9	C
381	21	40	U
381	21	41	A
381	21	43	A
381	21	44	Z
381	21	45	M
381	21	48	R
381	21	49	M
381	21	52	C
381	21	53	N
381	21	55	R
381	21	57	N
381	21	58	A
381	21	60	N
381	22	56	R
381	24	2	N
381	24	6	R
381	24	31	O
382	14	11	M
382	14	12	N
382	16	7	O
382	16	8	O
382	16	9	O
382	16	11	O
382	17	9	U
382	19	5	O
382	19	7	O
382	19	8	O
382	19	9	O
382	19	13	A
382	19	14	R
382	20	8	E
382	20	9	S
382	20	10	A
382	20	11	S
382	20	13	S
382	20	14	U
382	20	15	S
382	22	5	M
382	22	11	O
382	22	13	O
382	23	9	U
382	23	10	M
382	23	13	R
382	23	14	E
382	23	16	A
382	23	21	U
382	24	12	A
382	24	14	V
382	24	15	O
382	24	16	R
382	26	5	R
382	26	6	O
382	26	7	O
382	26	8	O
382	26	10	O
382	26	16	O
382	26	18	S
382	26	19	A
382	27	9	R
382	27	10	A
382	27	12	O
382	27	17	O
382	27	19	R
382	29	5	R
382	29	6	A
382	29	7	O
382	29	8	O
382	29	10	O
382	29	11	O
382	29	16	E
382	29	17	O
382	30	9	U
382	30	12	A
382	30	15	U
382	30	16	A
382	30	18	S
382	30	19	U
382	30	20	O
382	31	14	O
382	31	15	O
382	31	16	E
382	31	17	N
382	31	18	A
382	33	5	R
382	33	6	U
382	33	7	O
382	33	9	O
382	33	18	A
382	33	19	N
382	35	5	R
382	35	6	O
382	35	7	O
382	35	8	O
382	35	9	O
382	37	6	A
382	37	7	O
382	37	9	O
382	37	11	O
382	38	8	V
382	38	12	A
382	39	10	E
382	41	12	O
382	47	9	N
383	17	52	A
383	18	51	R
383	21	30	R
383	21	35	A
383	21	37	U
383	21	54	U
383	22	50	R
383	22	52	U
383	24	35	E
383	24	39	V
383	24	40	A
383	24	53	R
383	24	54	O
383	25	36	R
384	20	32	M
384	20	51	O
384	21	21	U
384	21	38	E
384	23	44	Z
386	14	9	R
386	16	9	R
386	17	9	R
386	17	11	Z
386	17	14	R
386	19	5	R
386	19	6	O
386	19	8	A
386	19	11	N
386	19	12	O
386	19	15	R
386	19	16	E
386	19	18	O
386	19	20	V
386	19	21	E
386	19	22	S
386	20	8	M
386	20	9	A
386	20	12	U
386	20	13	R
386	20	16	E
386	20	22	A
386	20	27	U
386	22	7	A
386	22	15	U
386	22	16	A
386	22	18	O
386	22	19	E
386	22	21	A
386	22	26	O
386	23	10	O
386	23	13	E
386	23	16	A
386	23	18	A
386	23	19	U
386	23	20	A
386	23	21	N
386	23	23	E
386	23	27	R
386	23	30	N
386	25	14	A
386	25	15	O
386	25	23	E
386	25	24	N
386	25	26	O
386	25	29	U
386	25	32	U
386	25	33	Z
386	26	12	S
386	28	5	R
386	28	8	O
386	28	9	A
386	28	10	R
386	28	14	O
386	28	15	E
386	28	17	R
386	28	18	A
386	28	19	O
386	28	26	O
386	28	27	V
386	28	28	R
386	29	10	R
386	29	11	A
386	29	12	S
386	29	15	A
386	29	17	S
386	29	18	U
386	29	20	S
386	29	23	N
386	29	24	C
386	31	5	R
386	31	6	O
386	31	10	U
386	31	12	O
386	31	18	M
386	31	20	O
386	31	26	R
386	32	8	O
386	32	9	A
386	32	12	A
386	32	14	A
386	32	16	E
386	32	17	N
386	32	23	Z
386	33	15	U
386	33	17	M
386	33	20	R
386	33	21	A
386	35	5	R
386	35	6	O
386	35	12	N
386	35	13	O
386	35	18	E
386	35	20	O
386	37	5	R
386	37	8	O
386	37	12	R
386	37	17	R
386	37	18	A
386	37	19	N
386	40	5	R
386	40	7	A
386	40	9	O
386	40	14	A
386	40	16	O
386	40	20	O
386	41	9	A
386	41	11	O
386	41	17	A
386	42	8	E
386	42	10	S
386	42	11	N
386	42	13	R
386	42	14	M
386	42	15	A
386	42	16	R
386	44	5	R
386	44	9	O
386	45	9	R
386	45	10	E
386	47	8	O
386	47	10	O
386	48	9	U
386	51	9	O
386	51	10	N
386	53	7	O
386	53	9	O
386	57	9	A
386	58	2	A
387	17	10	U
387	17	32	U
388	20	37	R
389	3	19	E
389	23	40	E
389	23	42	U
389	24	41	O
389	24	42	O
389	25	16	O
389	25	27	S
389	25	29	A
389	25	31	U
389	25	35	E
389	25	37	O
389	27	19	R
389	27	28	R
389	27	29	E
389	27	30	Z
389	27	39	U
389	27	40	N
389	27	42	S
389	27	43	U
389	27	44	Z
389	27	52	R
389	28	16	A
389	30	17	O
389	30	39	U
389	30	40	R
389	30	41	A
389	30	43	R
390	21	41	N
390	21	50	A
390	21	54	U
390	21	55	A
390	22	54	V
390	22	55	A
390	22	56	N
390	22	58	A
390	22	61	E
390	22	64	U
390	22	65	A
390	23	30	O
390	23	46	O
390	23	53	R
390	23	54	O
390	23	60	A
390	23	63	U
390	24	32	O
390	24	34	C
390	24	38	O
390	24	41	A
390	24	42	N
390	29	19	U
393	23	1	U
393	23	13	O
393	23	16	A
393	23	18	Z
393	23	20	M
393	23	32	E
393	23	34	O
393	24	9	N
393	24	12	N
393	24	14	R
393	24	16	S
393	24	25	E
393	24	30	U
393	24	31	R
393	24	47	N
393	24	50	A
393	24	51	N
393	24	55	U
393	27	24	A
393	27	29	R
393	27	39	M
393	28	6	R
393	28	16	U
393	28	18	O
393	28	20	O
393	28	24	Z
393	28	25	A
393	28	27	A
393	30	8	O
393	30	16	O
393	30	20	M
394	19	15	U
394	21	5	U
394	21	8	U
394	21	10	O
394	21	15	N
394	21	16	A
394	21	24	A
394	21	25	N
394	21	26	O
394	21	30	R
394	21	31	N
394	21	33	Z
394	21	34	A
394	22	8	R
394	22	9	O
394	22	11	U
394	22	14	A
394	22	15	S
394	22	17	A
394	22	19	M
394	22	20	O
394	22	21	V
394	22	25	O
394	22	26	N
394	22	27	E
394	22	30	A
394	22	32	A
394	22	33	N
394	22	35	M
394	22	36	A
394	24	4	M
394	24	5	U
394	24	8	O
394	24	13	O
394	24	20	O
394	24	22	U
394	24	23	S
394	24	25	O
394	24	32	V
394	24	36	M
394	24	38	N
394	25	8	M
394	25	9	U
394	25	14	N
394	25	15	E
394	25	25	M
394	25	30	U
394	25	33	E
394	25	35	U
394	27	4	M
394	27	5	O
394	27	9	O
394	27	10	O
394	27	15	O
394	27	17	O
394	27	20	E
394	27	23	O
394	27	27	O
394	27	31	N
394	27	32	U
394	27	46	A
394	30	5	O
394	30	8	O
397	6	5	N
398	22	7	N
403	49	43	E
403	52	3	S
404	46	63	O
405	12	40	U
405	17	27	O
407	5	31	S
407	26	15	A
408	23	24	R
408	31	33	C
410	2	1	O
410	14	5	R
410	53	6	A
413	19	16	M
414	34	18	S
417	25	25	N
418	10	41	E
418	39	18	O
420	7	1	N
421	26	74	V
422	6	35	A
424	45	32	N
425	17	12	R
425	20	22	V
432	51	28	O
433	7	21	N
433	22	41	N
433	31	30	R
434	20	23	N
436	11	14	O
437	15	13	E
437	31	12	O
445	54	4	N
446	28	22	A
448	45	49	E
451	47	41	N
452	15	23	A
453	3	16	N
453	35	27	N
453	35	29	M
453	44	14	U
453	44	37	R
455	23	29	E
455	23	31	O
457	27	16	N
458	44	1	N
460	27	4	N
463	23	17	V
464	30	6	E
465	41	19	O
471	49	55	E
472	22	32	N
474	15	55	E
474	18	10	O
474	33	11	O
475	1	3	S
475	1	4	O
475	43	7	N
480	47	54	R
481	26	4	N
481	46	40	N
482	12	50	N
485	7	0	O
485	17	66	O
485	49	48	A
486	7	33	R
486	8	31	A
487	58	62	S
488	51	3	R
488	54	3	R
489	36	17	S
490	45	40	O
490	45	49	N
492	20	32	M
495	23	37	U
495	23	38	N
495	23	40	R
495	23	42	S
495	23	44	R
495	24	27	N
495	24	28	O
495	24	32	U
495	24	33	A
495	24	35	S
495	24	36	A
495	24	39	A
495	24	40	S
495	24	44	R
495	24	46	N
495	26	5	A
495	26	20	R
495	26	25	O
495	26	30	S
495	26	33	A
495	26	34	R
495	26	38	U
495	26	39	R
495	26	45	O
495	26	46	N
495	26	50	U
495	26	51	N
495	27	19	U
495	27	23	O
495	27	24	R
495	27	25	M
495	27	27	O
495	27	28	A
495	27	32	E
495	27	33	S
495	27	34	E
495	27	36	N
495	27	37	U
495	27	38	R
495	27	39	O
495	29	17	N
495	29	24	Z
495	29	25	U
495	29	27	A
495	29	28	R
495	29	32	U
495	29	33	R
495	29	35	E
495	29	37	R
495	29	38	E
495	29	40	E
495	29	43	R
495	30	20	Z
495	30	37	O
495	30	39	N
495	30	43	U
495	30	51	R
496	21	22	U
496	21	26	A
496	21	31	U
496	21	32	N
496	21	35	R
496	23	26	E
496	23	29	O
496	23	36	A
496	23	43	U
496	23	51	R
496	23	56	R
496	23	58	U
496	23	59	N
496	24	25	M
496	24	35	R
496	24	38	X
496	24	58	R
496	27	7	N
496	27	15	M
496	27	18	E
496	27	24	U
496	27	25	A
496	27	28	O
496	27	29	N
496	27	30	S
496	27	32	S
496	27	34	A
496	27	46	R
496	29	5	R
496	29	6	O
496	29	16	O
496	29	17	N
496	29	18	O
496	29	21	U
496	29	26	R
496	29	27	E
496	29	30	A
496	29	33	U
496	29	34	N
496	29	37	E
496	29	38	R
496	29	44	O
496	30	17	Z
496	30	29	O
497	43	12	E
498	2	5	M
498	2	6	M
498	10	9	R
498	11	10	U
498	12	8	V
498	12	9	A
498	12	11	O
498	12	12	N
498	14	5	R
498	14	12	R
498	14	16	R
498	15	8	S
498	15	10	A
498	15	13	O
498	15	15	O
498	15	17	E
498	17	5	R
498	17	16	M
498	17	17	A
498	17	21	A
498	18	9	S
498	18	13	R
498	18	16	S
498	18	19	R
498	20	26	R
498	20	27	E
498	20	28	N
498	22	14	S
498	22	15	S
498	22	17	O
498	22	18	O
498	22	21	A
498	22	22	N
498	22	24	O
498	23	10	U
498	25	20	O
498	25	21	E
498	25	22	R
498	25	23	O
498	25	26	U
498	26	11	R
498	26	15	S
498	26	18	R
498	26	20	O
498	26	21	O
498	28	15	A
498	28	17	E
498	28	18	R
498	28	20	O
498	28	22	R
498	28	23	E
498	28	24	N
498	28	25	O
498	29	9	O
498	29	10	A
498	29	13	S
498	29	16	O
498	29	18	O
498	29	21	E
498	29	25	A
498	30	13	S
498	30	16	R
498	30	21	A
498	30	24	N
498	30	27	R
498	32	12	M
498	32	20	R
498	35	17	R
498	36	11	E
498	36	12	U
498	36	13	M
498	36	14	A
498	38	5	U
498	38	11	M
498	39	7	S
498	39	10	A
498	39	11	R
498	39	12	N
498	39	13	E
498	39	17	U
498	39	18	M
498	40	7	E
498	40	12	A
498	40	15	A
498	42	12	E
498	42	18	O
498	43	8	S
498	43	9	S
498	43	12	E
498	43	15	E
498	45	9	R
498	45	10	R
498	45	18	R
498	46	11	A
498	46	15	R
498	46	16	O
498	48	4	R
498	48	14	N
498	48	17	O
498	49	8	E
498	49	10	S
498	49	11	U
498	49	13	O
498	50	7	S
498	50	9	A
498	50	11	O
498	50	13	O
498	52	7	U
498	52	9	R
498	53	8	O
498	53	10	N
498	53	11	V
498	54	7	C
498	54	8	U
498	57	54	R
499	0	0	E
499	0	1	A
500	25	30	U
500	25	33	R
500	27	29	A
500	27	30	R
500	45	24	N
500	45	25	A
501	18	29	N
501	27	27	Z
502	9	13	N
502	9	14	N
502	35	33	R
503	26	27	A
503	27	17	R
503	29	0	R
503	29	1	E
503	29	2	V
503	29	8	A
503	29	9	R
503	29	16	N
503	29	27	A
503	29	28	R
503	29	36	R
503	29	37	O
503	29	40	N
503	30	3	N
503	30	5	A
503	30	12	O
503	30	15	U
503	30	16	O
503	30	17	N
503	30	20	U
503	30	21	N
503	30	22	N
503	30	23	O
503	30	25	O
503	30	30	E
503	30	31	N
503	30	38	U
504	10	51	N
504	22	31	R
504	23	21	O
504	23	41	A
504	24	31	Z
504	26	21	A
504	26	22	R
504	26	51	N
504	26	52	E
504	26	62	E
504	27	4	U
504	27	11	O
504	27	13	R
504	27	15	O
504	27	21	A
504	27	41	U
504	27	42	R
504	27	45	C
504	27	51	S
504	27	53	S
504	27	54	E
504	27	55	N
504	27	61	A
504	28	23	R
504	28	26	R
504	28	32	E
504	28	48	N
504	28	51	O
504	28	63	U
504	29	31	O
505	26	8	O
505	26	15	U
505	27	17	R
506	13	8	R
506	15	0	R
506	15	2	M
506	15	3	O
506	15	7	O
506	15	8	N
506	16	3	E
506	16	4	N
506	16	7	U
506	16	9	O
506	18	0	R
506	18	3	O
506	18	4	O
506	18	5	R
506	18	7	A
506	18	8	R
506	18	13	R
506	18	15	N
506	19	3	S
506	19	6	O
506	19	9	E
506	19	12	O
506	19	15	U
506	19	16	O
506	19	17	N
506	21	0	R
506	21	2	M
506	21	4	O
506	21	5	O
506	21	12	E
506	21	13	N
506	21	15	O
506	22	3	A
506	22	7	U
506	22	8	A
506	22	11	N
506	22	14	X
506	22	16	R
506	22	17	E
506	23	4	O
506	23	8	S
506	23	9	O
506	23	13	N
506	23	14	S
506	23	15	E
506	24	3	S
506	24	10	S
506	24	12	O
506	24	14	U
506	24	16	V
506	24	17	O
506	25	3	A
506	25	5	A
506	25	6	O
506	25	10	S
506	25	13	E
506	25	15	R
506	25	16	O
506	26	3	A
506	26	12	O
506	26	13	R
506	26	14	M
506	26	15	A
506	26	16	O
506	26	17	E
506	26	18	A
506	26	22	C
506	26	24	R
506	27	7	O
506	27	9	O
506	27	14	M
506	27	15	A
506	27	16	S
506	27	19	N
506	29	0	R
506	29	6	O
506	29	7	A
506	29	8	R
506	29	13	R
506	29	14	A
506	29	15	N
506	29	21	E
506	30	4	A
506	30	6	R
506	30	9	O
506	30	10	S
506	30	11	A
506	31	9	S
506	31	17	A
506	31	18	R
506	31	19	N
506	33	0	R
506	33	4	O
506	33	12	R
506	34	5	A
506	34	6	A
506	34	8	O
506	34	9	N
506	34	10	U
506	34	12	U
506	35	10	O
506	36	4	A
506	36	6	A
506	36	10	E
506	39	0	R
506	39	2	N
506	39	3	O
506	39	4	O
506	39	5	E
506	39	6	R
506	39	7	O
506	39	12	O
506	39	13	O
506	40	4	E
506	40	5	R
506	40	6	M
506	42	2	N
506	42	6	A
506	42	11	O
506	43	4	E
506	43	5	R
506	43	11	R
506	43	12	E
506	44	3	O
506	44	4	E
506	44	7	A
506	44	10	R
506	44	11	A
506	44	14	O
506	46	0	R
506	46	1	O
506	46	2	O
506	46	5	R
506	46	10	R
506	47	3	V
506	47	6	A
506	49	1	O
506	49	8	O
507	5	18	E
507	5	19	N
507	5	22	R
507	5	39	E
508	22	6	N
508	26	32	O
508	43	59	C
508	49	56	N
508	52	57	A
508	52	58	R
508	52	59	C
508	52	60	E
508	52	61	N
508	52	63	O
508	53	62	R
510	3	20	N
510	20	42	O
511	20	22	E
511	20	24	U
511	20	27	O
511	20	30	E
511	20	31	O
511	20	33	A
511	20	37	A
511	20	38	R
511	20	39	A
511	20	42	E
511	20	43	R
511	20	46	A
511	20	48	A
511	20	51	A
511	20	53	M
511	20	56	R
511	20	57	A
511	24	34	A
513	1	81	A
513	7	43	C
513	14	68	O
513	23	61	O
513	23	67	O
513	32	51	A
513	34	72	M
514	27	9	O
514	47	22	A
514	49	23	R
514	49	45	U
515	19	36	O
515	19	39	A
516	18	29	O
517	34	57	E
517	37	45	R
517	39	3	E
519	47	24	N
520	40	62	O
521	13	20	E
521	42	53	A
521	42	54	M
521	50	15	U
521	51	53	R
522	32	31	U
525	13	9	S
525	49	47	N
525	52	40	O
525	52	50	A
526	45	19	O
527	20	52	U
527	30	54	E
529	25	10	A
529	26	6	A
529	26	10	M
529	27	5	C
529	27	6	A
529	27	10	X
529	27	11	U
529	29	10	O
529	29	24	E
530	2	4	A
530	2	22	A
530	3	4	C
530	10	5	A
530	12	2	N
530	12	3	A
530	12	6	O
530	13	4	N
530	13	5	A
530	13	8	A
530	13	9	R
530	14	8	A
530	14	10	A
530	16	2	N
530	16	3	A
530	16	5	R
530	16	7	N
530	16	8	O
530	16	15	O
530	17	5	O
530	17	6	R
530	17	10	A
530	17	11	R
530	17	14	U
530	19	3	A
530	19	4	A
530	19	5	A
530	19	11	R
530	19	12	A
530	19	13	N
530	19	14	S
530	20	9	S
530	20	12	U
530	20	14	O
530	20	16	E
530	20	20	U
530	21	4	S
530	21	10	O
530	21	11	S
530	21	13	E
530	21	15	O
530	21	19	V
530	22	12	R
530	22	13	A
530	22	15	S
530	22	17	A
530	22	19	U
530	22	20	A
530	23	4	A
530	23	6	R
530	23	7	A
530	23	13	E
530	23	17	U
530	23	21	U
530	24	9	R
530	24	12	O
530	24	21	O
530	26	1	A
530	26	18	A
530	26	19	A
530	26	20	R
530	26	21	N
530	26	22	A
530	26	23	V
530	26	26	O
530	27	18	O
530	27	20	O
530	27	22	O
530	27	24	E
530	27	31	X
530	28	9	R
530	28	13	R
530	28	23	A
530	28	25	A
530	28	26	V
530	28	27	R
530	30	11	A
530	30	13	S
530	30	15	A
530	30	18	A
530	30	19	O
530	31	16	A
530	33	12	O
530	33	14	A
530	33	16	S
530	34	7	A
530	34	8	A
530	34	14	R
530	34	15	A
530	34	18	R
530	35	6	S
530	35	10	A
530	35	12	O
530	35	15	E
530	35	17	O
530	36	4	O
530	36	5	O
530	36	12	S
530	36	18	M
530	38	12	M
530	38	13	A
530	38	16	Z
530	38	17	O
530	39	3	R
530	39	8	A
530	40	4	A
530	40	5	R
530	40	9	R
530	40	10	E
530	40	13	A
530	40	14	R
530	40	23	O
530	41	7	A
530	41	10	O
530	41	12	S
530	41	13	A
530	41	14	U
530	41	15	U
530	41	16	R
530	41	18	O
530	42	3	E
530	42	6	O
530	42	7	A
530	42	19	S
530	43	3	A
530	43	6	S
530	43	13	R
530	43	14	A
530	43	17	U
530	43	19	N
530	45	0	A
530	45	11	O
530	45	19	N
530	46	6	O
530	46	7	R
530	46	8	S
530	46	9	S
530	46	11	M
530	46	16	O
530	46	17	R
530	46	19	E
530	48	9	O
530	48	11	R
530	48	13	O
530	48	15	S
530	48	16	E
530	49	3	O
530	49	10	U
530	49	11	A
530	49	14	O
530	49	16	U
530	49	18	U
530	50	4	A
530	50	10	O
530	50	11	A
530	50	12	R
530	50	14	A
530	50	15	S
530	50	18	O
530	50	19	R
530	51	3	U
530	53	9	R
530	53	12	R
530	53	13	A
530	53	14	N
530	53	20	R
530	54	8	R
530	54	11	S
530	54	13	O
530	54	15	R
530	54	16	E
530	55	3	O
530	55	5	A
530	55	6	A
530	55	7	S
530	55	10	E
530	55	11	R
530	55	12	O
530	55	14	N
530	55	15	E
530	55	16	E
531	24	35	N
531	38	11	A
531	47	29	N
532	23	48	U
532	26	10	A
532	29	7	O
532	30	22	U
532	30	23	N
532	30	25	E
532	30	26	N
532	30	28	A
532	30	35	E
532	30	40	O
532	30	41	A
532	30	45	R
532	30	47	O
534	24	41	E
534	24	42	R
534	24	56	O
534	25	19	O
534	25	27	M
534	25	28	O
534	25	29	R
534	25	34	R
534	25	35	O
534	25	46	U
534	25	51	C
534	25	52	O
534	25	55	R
534	25	56	U
534	27	14	X
534	27	18	A
534	27	24	A
534	27	34	U
534	27	56	Z
534	27	61	A
534	28	18	N
534	28	37	E
534	30	27	O
536	23	27	O
537	25	21	R
537	25	22	O
537	25	24	O
538	9	12	N
538	14	16	E
538	15	21	U
538	22	41	U
538	22	42	N
538	23	40	U
538	24	33	N
538	24	42	O
541	9	9	N
543	2	46	A
544	44	63	V
544	45	63	Z
544	45	65	O
544	46	59	A
544	47	62	O
544	47	63	R
545	2	1	R
545	2	5	U
545	2	7	O
545	2	14	O
545	2	20	O
545	2	21	R
545	2	22	O
545	2	26	A
545	3	17	A
545	3	19	A
545	3	23	R
545	4	16	V
545	4	17	E
545	4	18	N
545	4	19	A
545	4	20	S
545	4	26	R
545	6	17	O
545	6	23	O
545	6	24	R
545	6	26	O
545	6	32	E
545	7	23	O
545	7	25	S
545	7	33	R
545	9	28	E
545	9	30	A
545	11	4	R
545	11	30	N
545	11	32	R
545	11	33	A
545	11	35	O
545	11	38	O
545	11	39	O
545	12	33	U
545	12	34	A
545	12	36	S
545	12	37	U
545	12	45	S
545	12	53	S
545	13	36	R
545	13	38	O
545	13	45	E
545	13	51	S
545	13	56	E
545	33	2	M
545	34	6	C
545	35	8	N
545	37	3	U
545	37	9	M
545	38	6	O
545	39	49	R
545	39	56	U
545	40	8	U
545	41	51	S
545	41	54	R
545	41	57	S
545	42	46	R
545	42	55	S
545	42	57	S
545	43	37	R
545	43	52	A
545	45	6	R
545	45	45	R
545	45	47	O
545	45	53	E
545	45	54	A
545	46	36	R
545	46	45	O
545	46	52	A
545	47	8	A
545	47	10	R
545	50	3	N
545	50	4	M
545	50	42	R
545	50	46	A
545	50	48	A
545	51	4	M
545	51	43	S
545	51	44	E
545	51	47	O
545	53	8	U
545	54	4	R
545	54	5	A
545	54	39	A
545	54	44	M
545	54	45	O
545	54	46	V
545	55	4	A
545	55	6	A
545	55	42	A
545	55	43	N
545	56	41	E
545	56	42	R
545	57	3	U
545	57	4	A
545	57	6	A
545	57	35	R
545	57	36	A
545	57	39	O
545	57	41	E
545	58	37	O
545	58	40	R
545	58	41	S
545	58	42	E
546	5	3	A
546	5	34	U
546	8	31	R
546	8	36	A
546	10	2	R
546	10	3	S
546	10	37	M
546	10	38	A
546	13	2	A
546	13	25	A
546	13	31	O
546	13	34	A
546	13	36	N
546	15	2	R
546	15	4	A
546	15	27	S
546	15	30	R
546	15	31	E
546	15	32	O
546	15	35	U
546	15	36	E
546	15	58	S
546	16	3	N
546	16	6	S
546	16	8	A
546	16	13	R
546	16	33	A
546	16	34	M
546	17	4	M
546	17	6	R
546	17	11	R
546	17	15	R
546	17	28	M
546	17	29	M
546	18	4	O
546	20	19	E
546	20	20	R
546	20	21	A
546	20	22	S
546	20	25	R
546	21	12	A
546	21	15	M
546	21	18	A
546	22	4	M
546	25	53	O
546	28	52	E
546	31	6	R
546	34	3	U
546	36	17	R
546	37	59	A
546	37	62	A
546	38	60	U
546	38	61	A
546	39	12	U
546	39	54	M
546	39	57	A
546	39	61	R
546	40	16	R
546	40	22	N
546	41	56	U
546	42	55	V
546	42	57	M
546	42	59	V
546	43	5	A
546	43	6	A
546	43	10	A
546	43	13	O
546	43	15	E
546	43	18	S
546	45	52	M
546	46	5	N
546	46	20	A
546	46	23	R
546	47	4	U
546	47	20	S
546	47	21	X
546	48	50	N
546	48	51	M
546	48	57	M
546	48	58	A
546	49	0	A
546	52	0	M
546	52	1	R
546	52	28	S
546	54	1	M
546	54	29	M
546	55	31	S
546	55	53	A
546	56	31	S
546	56	33	R
546	56	36	A
546	56	60	V
546	57	30	N
546	57	32	S
546	57	33	S
546	58	21	R
548	47	46	E
548	47	57	U
549	18	15	R
555	47	9	Z
555	47	10	O
555	47	53	U
557	9	34	E
558	22	7	V
558	35	21	N
560	45	57	U
560	45	58	A
560	45	60	R
560	48	55	R
560	48	59	R
560	48	61	M
560	48	62	A
560	48	66	O
560	49	60	E
560	49	61	N
560	49	63	O
560	50	61	U
560	50	63	Z
560	50	64	E
562	49	24	N
562	50	24	M
563	45	50	M
563	45	51	C
564	20	63	U
565	44	21	R
565	45	24	O
565	45	32	U
566	50	56	U
566	51	56	O
568	5	22	U
568	24	26	V
568	50	41	R
568	50	64	O
568	51	53	U
569	5	5	R
569	48	40	R
569	48	51	A
570	43	58	A
573	6	18	O
573	7	43	A
573	46	45	R
573	46	49	N
573	47	42	O
573	47	46	A
573	47	49	R
573	47	50	A
573	50	14	R
573	50	15	M
573	50	16	E
573	50	17	O
573	50	23	A
573	50	24	R
573	50	26	O
573	50	28	S
573	50	31	U
573	50	32	A
573	50	33	R
573	50	35	E
573	50	37	N
573	50	38	O
573	50	39	V
573	50	42	A
573	50	43	R
573	50	46	S
573	50	48	R
573	50	51	E
573	50	52	R
573	50	53	E
573	50	54	N
573	50	55	O
573	51	23	C
573	51	42	M
573	51	43	E
573	52	38	A
573	52	42	C
573	52	43	A
574	31	26	O
574	48	25	U
574	49	54	E
574	49	55	R
574	49	58	A
575	44	12	N
575	50	41	E
575	53	34	R
575	53	41	E
577	58	8	A
578	53	55	E
579	49	48	E
580	24	62	E
580	42	62	N
580	43	37	U
580	43	61	U
580	43	62	R
580	43	63	O
580	47	41	R
580	50	43	E
580	50	49	E
580	50	60	A
580	52	58	O
581	1	1	O
581	25	21	E
581	27	28	U
583	46	39	R
583	47	31	C
584	42	63	A
584	47	42	R
585	23	31	R
585	23	35	E
585	26	26	E
585	48	55	E
585	48	59	C
586	18	53	O
586	18	57	O
586	19	28	N
586	20	11	Z
587	26	14	R
587	26	31	N
587	26	37	U
587	27	9	V
587	27	27	O
587	27	38	O
587	27	42	U
587	27	44	R
587	28	9	R
587	28	20	R
587	39	32	R
587	52	56	U
588	15	11	O
588	16	10	R
588	16	11	O
588	16	13	U
588	18	9	R
588	18	11	R
588	18	12	O
588	18	16	O
588	18	17	S
588	18	19	M
588	18	23	O
588	18	31	O
588	19	9	N
588	19	10	O
588	19	11	N
588	19	13	U
588	19	14	R
588	19	18	E
588	19	19	N
588	19	24	Z
588	20	10	E
588	20	12	R
588	20	13	O
588	20	16	U
588	20	18	E
588	20	31	R
588	20	32	A
588	21	11	E
588	21	12	N
588	21	13	A
588	21	15	O
588	21	17	E
588	21	20	R
588	21	24	A
588	22	10	O
588	24	12	O
588	24	17	O
588	24	26	A
588	24	27	N
588	24	29	O
588	24	31	O
588	24	33	O
588	24	35	O
588	24	37	A
588	25	9	O
588	25	10	R
588	25	15	A
588	25	16	S
588	25	18	E
588	25	22	A
588	25	25	A
588	25	26	O
588	25	27	O
588	25	32	S
588	25	33	A
588	25	35	C
588	27	8	M
588	27	9	A
588	27	16	A
588	27	19	N
588	27	24	S
588	27	26	A
588	27	27	U
588	27	30	C
588	27	31	O
588	29	8	M
588	29	9	M
588	29	10	O
588	29	11	O
588	29	12	O
588	29	15	O
588	29	16	N
588	29	18	A
588	29	20	S
588	29	22	A
588	30	9	R
588	30	10	E
588	30	12	U
588	30	13	R
588	30	14	O
588	30	22	U
588	31	10	A
588	31	12	O
588	31	16	O
588	31	18	O
588	31	21	E
588	31	22	S
588	32	9	R
588	32	10	E
588	32	12	E
588	32	13	N
588	32	14	A
588	32	15	R
588	32	18	C
588	34	8	M
588	34	10	A
588	34	12	O
588	35	9	U
588	35	10	R
588	36	10	A
588	37	9	O
588	37	11	R
588	37	14	N
588	38	10	A
588	40	9	V
588	40	10	E
588	40	11	R
589	2	40	C
589	17	41	M
589	47	41	N
589	55	22	O
589	55	24	S
590	47	33	Z
591	47	10	O
592	7	32	E
595	48	10	O
595	48	28	E
598	44	18	N
601	26	56	R
604	42	32	R
606	55	17	O
607	6	57	O
607	29	2	R
607	29	3	O
607	33	2	R
608	20	35	U
609	1	2	O
609	1	3	U
610	13	5	V
610	21	52	U
610	21	53	N
610	21	54	O
610	21	61	A
610	21	63	A
610	26	25	R
610	26	26	U
610	26	34	A
610	26	42	N
610	26	45	A
610	26	51	A
610	26	53	M
610	26	59	R
610	27	25	M
610	27	27	N
610	27	28	O
610	27	30	U
610	27	35	A
610	27	42	R
610	27	44	O
610	27	45	N
610	27	51	R
610	27	52	A
610	48	4	S
611	1	7	S
611	20	35	A
611	24	16	R
611	24	17	O
611	24	22	A
611	24	29	O
611	24	36	U
611	24	37	N
611	26	11	Z
611	26	24	M
611	26	25	O
611	26	30	O
611	26	43	A
611	26	49	O
611	27	10	U
611	27	11	N
611	27	15	U
611	27	17	R
611	29	12	N
611	29	29	X
611	50	55	O
611	51	12	N
612	39	56	U
612	39	57	A
612	39	60	N
612	39	61	U
612	42	62	U
614	16	47	O
615	21	5	C
615	47	59	E
616	1	57	O
616	1	58	U
616	16	46	X
616	19	43	R
616	19	44	O
616	19	48	E
616	19	59	U
616	19	61	E
616	20	14	O
616	23	27	O
616	23	33	O
616	25	12	V
616	25	27	E
616	25	28	C
616	25	32	U
616	25	43	X
616	26	28	U
616	26	29	A
616	27	12	U
617	27	55	E
618	23	29	U
618	23	30	N
618	23	31	A
618	32	28	N
621	23	45	A
621	24	34	A
621	24	38	R
621	24	39	O
621	24	42	S
621	24	43	U
621	24	47	O
621	24	50	O
621	27	19	R
621	27	24	Z
621	27	25	A
621	27	28	N
621	27	29	U
621	27	30	R
621	27	33	E
621	27	36	A
621	27	39	U
621	27	40	R
621	27	41	A
621	27	46	U
621	29	26	E
621	29	27	N
621	29	29	R
621	29	32	E
621	29	42	U
621	29	43	O
621	29	46	N
621	29	49	E
621	29	50	N
621	30	25	O
621	30	29	U
621	30	30	A
621	30	40	R
621	33	23	A
621	35	50	O
623	30	17	M
624	22	26	O
625	21	40	N
625	21	43	A
625	21	48	O
625	21	55	S
625	22	36	N
625	23	35	C
625	23	40	R
625	24	34	R
625	24	41	R
625	24	47	U
625	24	55	U
625	27	17	O
625	27	32	E
625	28	18	M
625	28	24	O
626	1	54	O
626	11	9	A
626	20	38	U
626	22	16	U
626	22	21	A
626	24	16	O
626	24	24	U
626	24	37	S
626	24	44	N
626	24	47	O
626	24	48	R
626	24	52	E
626	24	55	A
626	24	56	R
626	24	58	E
626	24	60	O
626	25	29	N
626	25	33	N
626	25	47	O
626	25	53	N
626	25	54	E
626	25	60	E
626	28	23	C
626	28	30	A
626	28	52	A
626	29	60	E
628	8	17	E
628	22	30	C
628	22	35	U
628	22	48	R
628	25	23	C
629	17	38	M
629	17	49	R
629	17	59	U
630	7	38	S
630	7	40	S
631	8	27	S
631	11	27	O
631	12	9	O
631	51	19	R
631	51	31	N
631	51	36	Z
631	51	37	E
631	51	49	E
632	1	56	O
632	1	58	O
632	4	11	N
632	24	24	A
633	50	32	U
634	18	21	O
634	50	40	A
635	2	11	O
635	2	13	R
635	2	21	R
635	2	22	O
635	2	24	E
635	3	11	E
635	3	13	R
635	3	14	O
635	3	19	O
635	3	24	O
635	3	26	R
635	5	9	R
635	47	40	U
638	0	53	O
638	0	54	O
