# Fins de ligne que le bloc coupait, rendues sans redecouper la page.
# Rattachees au groupe le plus proche ; a verifier a la relecture.
2	12	48	.
5	8	58	e
8	42	65	.
9	37	61	o
10	43	71	,
10	48	71	)
11	16	60	R
11	16	61	S
11	16	62	.
11	49	60	S
11	49	61	.
14	17	61	.
14	46	61	u
14	46	62	m
16	36	61	S
16	36	62	.
17	33	63	.
17	45	63	S
17	45	64	.
19	27	61	-
19	31	61	.
20	32	64	s
22	46	64	r
23	21	60	o
23	21	61	,
23	31	60	a
23	31	61	)
24	16	64	)
24	38	64	r
25	19	61	.
28	25	62	,
28	36	62	S
28	36	63	.
30	7	66	.
30	46	66	S
30	46	67	.
31	40	63	,
31	44	63	e
32	16	64	t
32	16	65	a
32	16	66	:
32	25	64	o
32	25	65	.
33	29	64	i
33	43	64	.
34	14	66	.
34	26	66	.
35	20	63	i
35	37	63	-
36	27	64	-
36	34	64	-
37	40	60	I
37	40	61	S
37	40	62	.
37	51	60	.
38	40	63	i
38	41	63	o
40	17	67	m
40	17	68	-
41	29	63	a
41	29	64	.
41	44	63	a
42	15	64	e
42	15	65	s
42	15	66	a
42	15	67	s
42	15	68	.
42	18	64	-
43	25	63	S
43	25	64	.
44	19	64	r
44	34	64	i
44	34	65	s
45	42	59	,
46	3	62	I
46	3	63	R
46	3	64	S
46	3	65	.
46	8	62	R
46	8	63	S
46	8	64	.
47	43	62	-
49	35	62	-
49	52	62	i
50	25	74	.
51	38	64	.
51	41	64	R
52	5	64	a
52	39	64	.
53	29	63	-
54	3	63	,
54	27	63	.
56	30	62	S
56	30	63	.
56	57	62	a
56	57	63	.
57	22	66	a
57	22	67	.
57	23	66	o
58	49	64	)
60	27	65	.
60	34	65	.
61	7	60	D
61	7	61	R
61	7	62	S
62	26	64	.
63	30	62	o
65	22	61	)
65	22	62	.
65	26	61	o
67	27	62	.
71	49	60	.
71	56	60	-
72	20	64	.
72	39	64	,
73	38	61	.
73	52	61	e
73	52	62	,
74	3	62	,
74	6	62	o
74	6	63	,
75	28	59	-
75	54	59	.
76	13	63	a
77	9	62	.
78	27	64	o
78	35	64	.
80	20	62	R
80	20	63	S
80	20	64	.
80	39	62	i
80	39	63	,
81	52	62	,
82	7	64	.
82	49	64	.
84	10	64	S
84	10	65	.
85	4	62	,
85	50	62	-
86	18	61	a
88	13	62	,
88	14	62	i
89	23	62	,
89	39	62	.
90	30	70	i
90	30	71	,
90	44	70	-
92	3	63	,
92	17	63	,
93	18	62	,
93	25	62	.
97	24	62	.
97	53	62	s
98	7	63	,
98	24	63	S
98	24	64	.
99	24	60	,
99	38	60	.
100	7	63	.
101	63	62	"
101	63	63	"
101	63	64	"
101	63	65	"
101	63	66	"
104	30	66	)
105	0	65	m
106	30	64	r
106	30	65	,
106	31	64	-
107	29	62	S
107	29	63	.
107	37	62	-
108	29	71	,
109	46	63	.
110	20	68	.
112	4	66	a
112	4	67	-
112	33	66	a
113	44	64	-
114	20	67	,
114	47	67	o
115	43	62	b
115	43	63	-
117	9	61	.
117	17	62	;
117	22	61	-
119	19	61	,
120	14	66	.
120	31	66	-
121	20	65	o
121	42	65	.
122	9	64	,
122	29	64	i
123	29	61	-
123	30	61	S
123	30	62	.
124	44	66	.
124	47	66	o
124	47	67	.
125	2	60	a
127	20	59	o
127	20	60	.
127	31	59	-
128	39	64	,
128	50	64	u
130	6	63	-
130	56	63	.
131	27	62	a
133	19	59	S
133	19	60	.
133	24	59	R
133	24	60	S
133	24	61	.
134	22	61	m
134	22	62	.
134	35	61	.
135	50	62	.
136	36	65	,
136	54	65	S
137	28	64	e
137	31	64	-
138	33	64	.
138	49	64	-
140	20	65	.
141	17	60	s
141	23	60	-
142	30	65	.
144	50	65	e
144	54	65	.
145	36	62	-
145	44	62	.
146	52	64	a
147	32	62	.
148	23	65	,
148	35	65	.
149	7	61	o
149	36	61	-
150	33	64	s
150	33	65	a
150	33	66	v
152	5	64	.
152	37	64	o
153	48	60	a
154	10	65	n
155	12	60	,
155	36	60	n
155	36	61	d
155	36	62	a
156	34	62	-
156	39	62	S
156	39	63	.
157	16	59	"
157	16	60	,
157	27	59	-
158	29	64	o
159	41	61	o
159	41	62	-
159	52	61	)
161	10	64	S
165	31	63	.
166	10	66	.
166	17	66	I
167	17	63	.
167	20	63	-
169	30	61	a
170	22	65	.
171	36	64	.
171	54	64	,
172	25	65	.
172	50	65	t
172	50	66	o
172	50	67	-
173	12	61	e
173	40	61	.
174	27	64	i
174	56	64	.
175	19	63	:
175	50	63	-
176	14	65	R
176	14	66	S
177	38	63	S
178	4	65	R
178	4	66	.
178	7	65	D
178	7	66	.
180	25	63	.
180	49	63	-
181	39	62	n
181	48	62	S
181	48	63	.
182	52	64	R
182	52	65	S
182	54	64	s
183	8	61	a
183	39	61	.
184	45	64	a
185	11	61	-
185	35	61	-
187	35	61	k
187	35	62	e
187	39	61	o
188	29	68	-
189	40	64	o
191	42	76	.
193	16	65	.
193	40	65	n
193	40	66	a
195	14	64	e
195	14	65	;
197	14	61	o
198	6	68	,
199	52	63	t
199	52	64	.
201	4	64	E
201	53	64	K
201	53	65	.
202	20	65	i
205	52	62	-
207	29	61	-
207	49	61	.
208	35	67	-
208	38	67	u
210	27	65	.
211	51	62	-
212	13	63	u
212	13	64	m
213	26	62	c
213	26	63	.
213	32	61	a
213	52	61	,
215	30	62	a
215	53	62	;
216	16	67	,
216	46	67	l
216	46	68	.
217	30	63	-
217	57	63	u
217	57	64	a
218	25	65	-
219	42	60	a
219	50	60	o
220	37	67	,
220	45	67	-
221	60	65	.
222	24	72	S
222	24	73	.
223	35	62	.
223	45	62	-
224	16	64	o
224	16	65	.
224	20	64	t
224	20	65	-
225	28	65	a
225	43	65	I
226	23	72	-
227	35	62	o
228	17	64	.
228	49	64	.
231	9	64	.
232	17	65	,
232	18	65	.
233	16	62	a
233	45	62	a
233	45	63	.
234	17	67	.
234	53	67	i
234	53	68	,
235	17	64	.
237	33	63	n
237	33	64	-
237	43	63	r
237	43	64	-
238	14	65	i
238	14	66	,
238	39	65	.
239	31	63	v
239	31	64	a
240	47	65	S
241	34	62	o
241	34	63	.
241	50	62	.
242	37	63	.
244	44	64	S
244	44	65	.
245	50	62	i
245	55	62	I
245	55	63	F
245	55	64	R
245	55	65	S
245	55	66	.
247	13	61	i
247	30	61	.
248	51	63	a
248	55	63	a
250	45	66	t
251	28	63	,
253	47	62	)
253	47	63	.
254	18	62	S
254	18	63	.
254	23	62	.
255	34	62	E
255	34	63	.
255	40	62	.
257	26	61	-
257	52	61	.
258	36	65	S
258	53	65	i
258	53	66	,
259	29	62	o
259	32	62	r
259	32	63	e
260	7	70	.
260	45	70	a
260	45	71	:
261	16	62	.
261	31	62	-
262	45	65	F
262	45	66	I
263	18	64	.
263	31	64	,
264	52	64	:
266	54	63	a
267	53	62	.
268	10	62	:
268	46	62	n
269	36	60	R
269	36	61	S
271	21	62	S
271	50	62	F
272	21	63	a
274	47	64	.
275	28	62	,
276	17	63	-
276	44	63	-
278	28	64	.
278	54	64	a
281	26	61	o
281	50	61	-
283	43	62	.
284	45	64	)
285	44	61	,
287	16	59	-
288	11	62	o
288	23	62	d
288	23	63	o
289	13	59	.
289	36	59	S
292	12	65	-
295	26	61	o
298	42	64	-
298	44	64	n
298	44	65	o
300	20	63	a
300	45	63	-
301	48	62	-
301	54	62	.
303	19	62	S
303	19	63	.
305	20	61	,
305	36	61	,
306	37	70	.
307	39	61	,
307	40	61	-
308	35	64	t
308	35	65	-
308	37	64	.
309	3	60	e
309	31	60	.
310	46	61	,
310	55	61	a
311	32	60	-
311	34	60	c
312	30	64	-
312	44	64	u
312	44	65	-
313	39	60	,
314	28	64	n
314	34	64	,
315	20	60	-
316	41	67	o
317	43	59	,
318	25	64	,
319	33	63	,
320	19	63	-
321	17	59	-
323	21	59	d
323	21	60	-
323	23	59	c
323	23	60	.
324	55	61	a
325	34	59	,
326	30	66	-
326	32	66	S
327	54	61	o
327	54	62	,
327	55	61	e
328	9	65	o
329	43	62	-
329	45	62	.
330	8	64	R
330	8	65	S
330	8	66	.
330	53	64	o
330	53	65	-
331	34	58	o
331	34	59	.
331	51	58	n
331	51	59	-
332	18	68	-
332	21	68	-
333	21	61	-
335	26	62	,
336	4	65	.
336	4	66	-
336	24	65	-
339	36	59	a
339	51	59	u
340	0	65	-
340	0	66	-
340	0	67	-
340	0	68	-
340	0	69	-
340	0	70	-
340	26	64	o
341	54	61	,
343	42	59	.
344	48	62	.
347	19	59	,
348	15	62	-
349	16	59	i
349	30	59	m
349	30	60	o
350	29	66	.
350	39	66	o
350	39	67	.
351	54	61	i
351	54	62	,
351	55	61	a
351	55	62	n
351	55	63	t
351	55	64	o
353	19	60	.
354	5	66	o
354	20	66	.
356	28	61	.
357	33	59	i
357	33	60	,
357	34	59	-
358	6	62	r
358	6	63	o
358	43	62	.
360	44	63	,
361	28	59	,
361	33	59	s
361	33	60	.
363	26	59	e
363	26	60	.
363	41	59	r
364	25	64	.
365	33	59	o
365	42	59	a
367	49	60	,
368	47	64	-
371	12	58	r
371	12	59	i
371	12	60	-
371	23	58	i
372	44	61	a
373	30	59	.
374	32	64	-
374	40	63	S
374	40	64	.
375	48	59	S
375	48	60	.
376	8	63	-
376	55	63	.
377	19	61	R
377	19	62	S
381	21	61	-
381	22	61	.
382	30	70	-
383	41	60	v
383	51	58	o
383	51	59	m
383	52	58	a
384	30	67	.
384	32	67	e
385	44	61	-
386	5	69	-
387	28	60	,
387	44	60	-
389	33	60	-
389	36	60	i
389	36	61	,
390	42	68	.
390	46	68	,
391	20	60	R
391	20	61	.
392	36	64	,
393	30	58	-
393	31	58	,
395	61	70	m
395	61	71	m
395	61	72	m
395	61	73	m
395	61	74	m
395	61	75	m
395	61	76	m
395	61	77	m
395	61	78	m
395	61	79	m
395	61	80	m
395	61	81	m
395	61	82	m
396	26	65	.
397	47	60	e
398	45	64	-
398	49	64	a
400	2	62	-
406	2	62	a
406	2	63	n
406	2	64	o
406	5	62	a
406	5	63	r
406	5	65	(
406	5	66	l
406	5	67	u
406	5	68	)
407	18	57	.
407	47	57	n
407	47	58	-
408	28	63	,
410	2	62	,
410	44	62	r
410	44	63	-
411	19	61	.
411	36	61	o
411	36	62	-
413	7	57	n
413	7	58	u
413	7	59	o
413	30	57	)
416	3	63	S
417	39	60	a
417	39	61	.
418	35	63	.
419	18	58	.
419	31	59	-
419	42	58	S
420	53	64	,
420	55	64	-
421	0	78	m
421	0	79	r
421	0	80	m
421	0	81	m
421	0	82	s
421	29	78	a
423	16	57	S
423	18	57	-
425	31	60	5
425	39	60	o
425	39	61	.
425	39	62	-
428	51	67	.
429	17	61	i
429	32	61	S
430	12	64	.
430	39	64	S
432	19	64	S
432	32	64	r
433	40	59	E
433	40	60	R
433	40	61	S
433	40	62	.
434	15	64	.
434	44	64	a
435	41	60	e
435	41	61	s
437	2	61	.
439	53	61	.
440	8	66	.
440	10	66	g
442	26	65	-
442	41	65	a
442	41	66	.
443	21	57	-
443	25	57	-
444	13	63	o
445	21	58	r
445	25	58	.
448	16	64	e
450	35	65	-
450	37	65	i
451	44	62	-
451	51	62	,
452	7	66	,
452	33	66	o
454	17	63	)
454	40	63	f
456	32	63	d
456	32	64	i
456	48	63	r
459	7	59	.
459	45	59	a
459	45	60	,
460	26	65	.
460	37	65	i
460	37	66	t
462	24	65	,
462	53	65	)
466	14	63	-
466	23	63	-
469	9	61	-
469	30	61	S
470	13	67	o
470	23	67	-
472	32	63	.
474	25	65	-
474	44	65	.
477	12	62	-
477	35	62	.
478	28	66	-
478	41	66	e
479	23	63	,
479	46	63	,
480	19	65	.
480	32	65	-
481	16	61	I
481	19	61	-
482	15	65	o
483	52	60	l
483	52	61	a
484	25	64	,
484	41	64	e
484	41	65	k
484	41	66	-
485	0	77	-
485	0	78	-
485	0	79	-
485	0	80	"
485	0	81	-
485	0	82	m
485	0	83	e
487	61	65	-
487	61	66	m
487	61	67	a
487	61	68	-
490	33	64	o
491	37	61	o
491	55	61	o
493	34	62	)
499	30	62	o
499	33	62	a
499	33	63	,
500	41	65	-
500	55	65	)
500	55	66	.
502	47	65	.
504	48	67	o
504	48	68	:
504	51	67	o
504	51	68	,
507	57	63	-
508	47	64	,
508	53	64	.
510	15	65	)
511	15	61	-
511	32	61	a
511	32	62	.
511	47	62	-
514	40	71	o
515	19	61	.
516	45	66	e
517	15	59	.
517	26	59	-
518	2	67	,
518	21	67	.
519	29	62	e
519	29	63	-
519	30	62	-
520	53	66	)
522	24	66	,
522	37	66	.
523	6	60	-
524	2	64	.
526	48	66	)
527	41	60	-
527	50	60	o
528	21	64	,
531	30	61	,
533	24	60	a
534	34	72	-
534	43	73	l
538	35	72	.
539	38	60	-
539	45	60	o
545	16	62	S
546	54	63	o
546	54	64	r
546	54	65	+
546	56	63	S
547	7	62	-
548	10	66	.
548	25	66	.
550	10	66	.
551	55	62	5
553	43	61	,
554	39	65	-
554	41	65	I
555	23	61	,
556	38	68	a
556	38	69	,
557	54	62	,
557	55	62	.
557	55	63	)
559	44	62	S
560	29	67	.
560	48	67	"
561	29	62	S
561	52	62	e
561	52	63	r
562	21	66	,
562	49	66	)
567	11	62	i
568	14	65	,
568	32	65	S
570	17	65	r
571	17	61	.
574	26	65	r
574	26	66	.
576	16	65	.
579	46	57	-
579	59	57	-
580	25	66	,
581	17	60	-
582	49	65	S
586	46	65	.
588	13	70	.
588	30	70	-
590	18	66	,
592	43	70	S
593	30	61	-
593	49	61	.
594	42	64	.
595	19	60	i
595	19	61	-
595	33	60	-
597	44	59	.
600	29	63	u
600	35	63	o
602	15	63	a
602	15	64	.
603	52	56	-
604	14	63	.
604	27	63	,
607	20	60	e
607	52	60	e
608	6	63	-
608	39	63	.
610	21	64	.
613	24	66	.
613	47	66	.
616	11	67	.
616	16	67	s
618	32	66	)
622	34	64	-
622	52	64	o
622	52	65	.
624	6	64	-
624	45	64	-
626	44	65	,
629	21	60	,
629	24	60	.
630	1	72	m
630	1	73	m
630	1	74	m
630	1	75	F
630	1	76	m
630	1	77	m
630	1	78	s
630	1	79	m
630	1	80	m
630	1	81	m
630	1	82	m
630	3	72	a
630	3	73	-
630	3	74	a
630	3	75	e
630	3	76	e
630	3	77	-
630	5	79	E
630	5	80	E
630	5	81	a
630	5	82	a
632	47	65	a
632	47	66	"
632	52	65	.
634	13	64	e
634	13	65	r
634	57	64	,
637	50	56	.
638	4	63	,
6	35	54	r
6	35	55	a
6	35	56	s
6	48	54	i
6	48	55	-
