# Corrections cellule par cellule, verifiees a l'oeil sur le scan agrandi.
# page	ligne	colonne	contenu LaTeX
0	9	16	a
4	17	5	Q
9	10	3	o
9	25	5	v
9	34	32	x
10	13	12	m
10	29	43	n
10	36	54	o
10	41	20	o
11	35	47	N
14	47	54	I
15	11	3	o
15	12	35	f
15	51	37	m
16	41	1	r
18	43	55	a
19	2	10	x
19	8	56	o
19	8	57	m
19	10	23	o
19	14	19	c
19	14	20	o
21	45	18	v
22	27	39	a
23	41	46	a
23	45	58	o
24	6	9	v
24	13	11	v
24	46	21	T
27	48	4	e
27	48	5	r
28	35	13	C
29	52	40	m
30	17	13	B
30	26	14	B
31	10	1	m
31	18	10	h
31	21	45	t
31	40	56	m
33	33	26	b
33	37	38	l
34	9	20	v
34	11	14	a
37	20	12	l
37	26	16	a
38	41	61	a
38	42	60	a
39	30	23	x
39	36	51	x
39	37	39	m
41	13	17	z
41	19	6	c
41	22	9	a
42	19	17	a
43	32	36	l
44	25	19	v
45	13	10	T
45	42	11	x
45	50	3	s
46	28	52	l
46	43	4	p
46	43	5	o
47	5	5	l
48	2	2	m
48	5	11	G
48	5	12	a
48	7	8	a
49	8	23	o
49	9	8	l
49	26	24	a
49	36	12	t
50	18	41	s
50	21	52	i
50	27	27	c
50	27	28	e
50	46	56	m
51	35	25	n
51	44	18	e
51	44	24	s
52	12	10	e
52	23	20	i
53	51	9	O
54	16	7	s
54	33	8	o
54	33	11	a
54	53	57	o
55	3	37	p
56	10	6	s
56	47	28	T
57	38	0	e
57	38	1	s
57	49	4	a
58	33	27	n
58	34	7	m
58	43	4	o
58	47	1	s
58	47	17	l
58	48	50	o
59	30	6	p
59	34	49	t
60	32	9	P
61	2	51	o
61	2	52	a
61	9	31	t
61	39	16	l
61	50	52	v
62	14	3	o
62	16	3	t
62	30	3	m
62	34	12	S
63	33	32	c
63	51	45	a
64	7	3	t
64	7	8	F
64	17	38	t
64	20	14	t
64	42	28	a
64	47	39	n
65	4	4	n
65	30	10	t
66	3	12	c
66	41	4	e
67	14	0	h
68	4	23	a
68	8	0	p
68	17	16	T
68	24	23	i
68	29	1	a
69	43	28	t
73	10	4	I
73	34	13	i
73	34	29	a
73	36	36	o
73	52	34	e
74	44	5	v
75	7	40	p
75	7	43	t
75	17	56	e
75	26	11	x
76	21	3	p
76	21	12	c
76	25	39	S
77	6	49	v
77	24	12	B
78	22	0	p
78	22	2	z
79	44	45	t
79	47	9	l
80	5	50	t
80	50	17	n
81	17	7	d
81	17	8	i
81	25	31	x
82	13	1	m
82	16	0	t
82	54	20	S
83	17	44	l
85	21	39	T
85	21	45	T
85	47	14	O
88	7	17	m
88	32	25	a
90	34	50	c
90	45	37	s
91	3	21	s
91	13	10	a
91	31	0	s
91	45	49	x
92	24	5	a
93	16	11	v
95	51	5	v
97	3	4	e
97	3	7	m
97	3	14	t
97	26	13	a
97	49	16	F
98	48	8	t
99	24	12	o
102	21	9	o
102	28	13	l
103	19	19	p
103	23	6	c
103	32	21	o
104	16	22	v
104	46	12	s
105	18	21	z
105	33	24	r
105	40	38	C
105	58	48	s
105	59	24	o
106	10	25	o
107	2	12	a
107	3	36	a
107	8	14	a
107	8	15	s
108	35	16	a
110	25	21	T
110	49	47	h
112	20	16	m
113	2	20	a
113	5	14	a
114	9	9	S
114	9	10	a
114	16	8	s
114	40	34	f
114	50	33	a
115	11	23	M
116	20	29	O
116	26	48	x
116	51	9	a
117	8	54	s
117	8	55	o
117	26	15	i
117	31	42	x
117	38	10	v
117	41	29	m
117	43	9	x
118	24	7	c
119	20	53	o
120	39	21	o
121	7	9	T
121	7	13	o
121	56	22	o
122	4	0	e
122	4	1	s
122	17	7	N
122	26	35	O
122	33	4	o
123	50	25	m
123	50	26	e
124	34	11	T
124	41	3	S
125	52	3	s
127	40	19	x
127	42	53	s
127	42	54	a
127	42	56	a
127	49	6	c
128	9	36	T
128	54	19	m
129	8	59	v
130	54	3	g
130	54	5	r
130	54	43	u
130	54	44	r
134	16	11	x
134	38	5	z
135	44	9	a
135	44	44	o
136	19	49	x
137	6	34	f
137	25	26	o
138	31	16	a
139	8	17	o
139	19	17	T
140	31	40	o
141	8	3	s
141	18	21	R
141	24	9	e
141	30	49	k
141	58	5	i
141	58	6	c
141	58	7	a
142	36	19	f
143	18	27	o
143	18	28	r
143	53	6	e
145	13	49	a
145	24	12	K
146	5	15	s
146	51	17	N
146	52	9	u
147	3	22	a
147	30	26	a
147	47	32	p
147	52	25	l
148	26	20	z
149	15	9	I
149	29	33	P
149	29	52	k
150	16	1	o
150	16	2	p
150	47	29	t
151	15	36	x
151	26	27	o
151	34	18	v
151	46	27	q
151	47	15	q
151	49	9	q
153	4	16	l
153	27	14	z
154	19	10	T
155	43	36	t
156	5	11	e
156	5	12	r
156	11	0	s
158	26	0	e
159	19	53	a
159	19	54	s
161	31	4	P
161	39	59	s
163	12	39	c
163	20	51	k
163	26	17	m
163	26	18	e
163	43	69	d
164	14	4	u
164	14	8	o
164	19	3	k
164	19	4	a
164	26	3	n
164	26	4	o
164	28	8	l
164	32	17	o
165	8	4	v
165	31	19	z
165	31	48	z
165	33	31	s
165	33	32	u
165	50	9	B
166	15	16	N
166	21	8	n
166	44	64	o
166	45	51	a
166	58	50	t
169	2	9	S
169	28	59	a
169	35	44	x
169	49	13	e
170	8	10	a
170	18	6	e
171	25	17	s
171	40	32	o
172	16	0	p
173	22	10	e
173	29	2	l
173	40	24	o
174	11	13	e
174	11	14	s
174	17	4	o
174	56	5	o
175	21	19	o
175	29	26	t
175	29	28	a
175	43	60	k
175	49	18	T
175	51	8	a
176	18	7	P
177	29	15	a
178	41	9	R
178	47	59	x
178	51	5	m
178	53	31	T
178	54	18	t
179	5	11	m
179	35	30	m
180	28	23	x
180	42	15	n
180	48	20	o
181	11	8	o
181	39	4	u
182	25	32	s
182	26	29	o
183	11	27	o
183	49	10	v
184	20	12	m
185	18	9	o
186	40	5	a
187	17	27	m
187	32	12	T
187	36	57	a
188	10	4	t
188	24	6	a
188	49	42	n
189	6	17	k
189	13	15	a
189	36	7	p
189	40	31	o
189	48	30	m
189	53	35	o
190	6	52	x
190	6	56	a
190	32	5	x
191	13	32	I
192	14	8	a
192	14	9	n
192	16	22	N
192	36	47	t
192	54	25	D
193	6	44	S
193	40	64	a
194	7	11	o
194	44	13	e
194	48	12	a
194	48	13	n
196	7	3	p
196	12	3	a
196	30	3	a
196	30	4	c
196	44	0	s
196	48	42	I
196	55	53	x
197	32	0	s
197	32	1	a
197	32	3	a
197	52	7	e
198	59	36	c
199	11	3	N
199	44	19	P
199	50	10	C
200	19	11	m
201	33	32	m
201	59	35	a
201	59	36	f
201	61	25	t
202	26	1	l
202	29	18	O
203	6	19	m
204	37	5	m
205	2	17	N
205	11	7	P
205	44	0	R
206	12	0	g
206	12	1	r
206	40	11	n
206	40	12	e
206	47	4	o
207	13	5	o
208	9	4	u
208	13	8	a
208	49	34	i
208	49	35	s
209	9	4	e
209	9	38	a
209	12	24	o
209	17	26	e
209	45	7	a
210	22	10	c
211	14	8	p
211	30	46	t
213	9	41	l
213	9	42	a
214	5	21	C
214	14	14	o
214	14	18	u
214	27	50	f
214	27	52	l
214	37	1	o
214	48	33	a
214	48	53	e
215	7	18	l
215	29	44	i
215	54	15	o
216	6	0	h
216	15	50	S
216	40	10	C
216	42	19	P
216	42	21	t
216	57	6	e
216	57	7	s
217	2	23	t
217	31	62	s
217	50	17	o
218	8	58	z
218	13	4	o
219	38	19	f
219	40	6	a
219	42	25	a
219	46	40	n
220	2	61	o
220	3	4	l
220	3	5	o
220	3	9	o
220	56	48	o
221	15	37	o
221	48	47	m
221	56	3	e
221	56	5	o
222	11	21	n
222	12	53	p
222	12	54	s
222	12	55	a
222	19	16	B
222	19	17	a
222	19	18	z
223	2	20	o
223	2	57	a
223	25	21	o
225	4	3	m
225	4	6	o
225	22	59	e
225	33	27	e
225	38	24	o
225	39	33	a
226	27	25	l
226	43	11	e
227	7	39	a
227	10	22	o
227	12	57	s
228	11	12	t
228	15	0	b
228	15	1	e
228	28	41	n
229	14	23	t
229	19	19	t
229	25	35	m
229	30	20	m
229	33	23	a
229	33	56	e
229	45	14	m
229	52	0	n
229	52	1	u
230	3	8	a
230	21	52	b
230	38	65	o
231	26	54	i
232	12	11	a
233	16	18	m
233	51	11	l
234	6	14	b
234	23	4	x
234	26	2	i
234	56	15	h
235	19	35	h
236	4	2	r
236	4	3	a
236	44	41	a
236	44	42	s
237	30	28	c
237	49	35	a
237	49	53	m
237	52	12	C
238	27	33	e
238	51	32	i
239	34	8	P
239	34	11	t
239	37	16	n
239	46	24	o
239	46	26	o
240	24	3	p
240	27	0	i
240	45	13	p
241	4	40	P
241	18	15	m
241	21	17	m
241	21	38	x
241	50	40	n
242	17	28	a
242	26	2	m
243	5	7	g
243	18	52	n
243	30	37	m
243	30	40	o
243	49	63	o
243	53	11	p
243	53	13	i
244	5	27	c
244	5	28	h
244	5	29	e
244	8	26	T
244	9	10	t
244	17	23	r
244	26	62	m
244	46	22	x
246	24	13	n
246	24	17	a
247	12	27	m
247	13	3	p
247	13	60	s
247	17	57	n
247	17	58	t
247	18	3	s
249	18	29	a
249	26	58	a
249	26	59	s
249	32	25	O
249	33	56	n
250	2	1	u
250	3	3	o
250	3	4	n
250	8	13	v
250	9	3	s
250	9	4	o
250	27	11	m
250	35	4	v
250	35	38	a
250	45	9	R
252	16	23	n
252	22	23	u
252	36	11	m
252	63	80	e
252	63	81	m
253	8	44	o
253	11	14	o
253	24	0	l
253	24	1	o
254	2	0	D
254	2	1	u
254	2	9	n
254	29	31	p
254	48	0	n
254	48	2	l
255	38	12	z
255	46	11	o
256	17	1	u
256	17	2	n
256	54	22	n
256	55	56	a
257	33	1	a
258	24	4	i
258	27	17	P
259	5	12	r
259	23	42	m
259	32	23	o
260	3	3	o
260	34	17	e
260	34	20	s
262	7	53	d
263	35	7	o
263	55	17	s
264	11	50	S
264	11	52	k
264	17	13	r
264	49	46	a
265	12	16	o
265	16	12	p
265	36	6	u
266	26	6	m
266	26	7	a
266	45	3	s
267	6	54	a
267	7	7	m
268	7	40	r
268	9	59	o
268	9	61	a
268	17	22	T
268	20	21	S
269	28	40	p
269	28	43	t
269	42	16	v
269	53	4	e
270	26	0	p
270	26	1	a
271	15	18	a
271	24	15	v
271	32	24	x
271	50	3	c
272	46	34	r
272	54	20	l
273	11	22	n
273	46	24	o
274	6	6	R
274	39	10	l
275	3	52	N
275	3	54	a
275	20	41	t
276	9	3	p
276	14	3	s
276	20	10	C
276	24	5	c
277	19	12	M
277	48	22	e
280	16	14	k
280	26	1	a
280	47	9	P
280	48	57	m
280	59	6	o
281	3	27	n
281	54	4	e
282	33	1	a
282	48	27	b
282	55	55	r
282	55	56	e
283	46	31	R
285	18	0	E
286	9	0	e
286	9	7	o
287	6	10	n
288	20	23	C
288	23	35	s
289	14	5	i
289	20	34	m
289	32	2	h
289	53	22	N
290	28	55	x
290	28	59	a
291	13	17	n
291	13	18	s
291	28	3	o
291	28	4	n
292	25	23	R
292	40	8	P
293	25	35	t
293	45	20	e
294	6	31	e
294	15	55	f
294	24	38	e
294	42	15	n
294	42	57	m
294	46	8	i
294	50	59	r
296	9	53	a
296	9	54	s
296	40	57	E
297	18	26	o
297	24	16	s
297	45	37	m
297	47	31	m
298	3	30	o
298	47	3	u
298	53	15	l
298	53	18	a
298	53	35	o
302	9	51	o
302	9	53	i
303	15	16	a
303	35	41	b
303	35	42	o
304	14	14	m
304	37	38	p
304	37	39	o
304	37	40	s
305	37	7	l
306	3	8	m
306	3	13	o
306	38	52	a
306	45	43	o
307	45	8	p
308	34	10	y
308	37	3	s
308	37	4	a
308	48	59	i
309	42	9	O
309	50	24	i
310	6	39	x
310	6	43	a
310	31	52	T
310	36	52	m
311	32	18	v
311	42	42	o
311	50	40	o
312	19	12	o
312	19	17	n
312	30	16	o
312	31	4	a
312	31	17	p
312	44	43	c
312	47	55	a
313	18	44	m
313	19	22	m
313	45	18	C
313	46	27	e
314	40	3	m
314	53	6	p
314	53	9	e
315	23	12	n
315	40	30	l
316	8	3	m
316	8	4	u
316	20	3	n
316	28	21	x
317	37	16	e
317	42	3	o
318	6	1	o
318	32	25	e
318	36	3	p
318	53	17	S
318	53	19	k
318	60	17	s
319	0	5	i
319	0	6	s
319	21	5	u
319	41	59	t
320	19	59	R
320	40	12	l
320	50	11	p
320	50	13	u
320	55	8	B
320	55	9	e
321	5	3	a
321	5	4	n
321	12	7	k
321	13	3	s
321	27	44	m
321	28	32	m
321	32	31	o
321	32	34	o
322	10	7	F
322	32	16	P
322	46	11	a
323	3	14	o
323	18	3	v
324	9	22	C
324	52	6	l
325	31	47	x
325	51	12	Q
327	40	4	e
328	12	34	a
329	6	0	m
329	6	1	a
329	27	5	r
329	43	31	h
329	53	36	m
330	29	26	n
331	13	18	T
332	16	1	u
332	16	2	p
333	17	0	a
333	25	21	P
333	32	34	a
333	45	27	C
333	46	34	I
334	43	4	o
335	17	56	z
335	23	29	o
335	26	22	e
335	52	7	F
336	2	13	p
336	44	29	x
337	2	20	m
337	25	53	s
337	29	3	o
337	29	4	l
337	29	5	i
338	25	37	x
338	28	16	l
338	31	4	a
339	3	25	o
339	36	7	l
339	37	3	l
339	40	16	c
340	35	41	a
341	12	24	o
341	39	56	o
342	25	4	o
342	31	21	C
343	14	7	o
343	38	17	e
343	39	17	I
343	39	18	I
343	39	19	I
343	43	57	e
344	35	3	o
344	43	1	l
344	43	2	a
344	47	3	p
344	53	2	o
346	4	4	o
346	26	29	r
348	4	35	t
348	19	13	o
348	19	14	l
348	19	15	u
348	34	11	l
348	44	51	c
349	17	56	z
349	29	3	v
350	6	1	e
350	50	31	s
350	50	32	i
350	50	33	s
350	50	43	s
350	50	44	i
350	50	45	s
351	31	31	m
351	34	54	P
351	44	4	e
352	2	42	C
352	24	58	s
352	43	12	z
353	25	19	r
353	33	54	o
353	51	52	u
353	51	53	a
354	18	8	o
355	45	40	i
356	47	4	l
357	45	3	s
358	13	13	m
358	41	60	l
359	36	5	u
359	39	2	p
359	39	34	m
359	42	21	N
359	54	5	a
361	9	32	a
361	34	55	u
361	34	56	l
361	39	23	s
362	8	53	m
362	50	14	o
363	22	13	o
364	13	26	n
364	13	40	h
365	10	11	P
365	11	22	P
365	27	24	e
365	49	54	n
365	49	56	a
366	39	44	e
367	3	55	e
367	38	44	e
367	47	1	e
368	8	4	m
368	39	32	t
368	54	9	s
369	36	14	m
369	44	3	o
370	13	15	o
370	13	33	S
370	13	36	s
370	14	54	a
370	39	27	S
371	23	54	I
371	23	57	s
371	26	52	O
372	25	11	a
372	50	14	u
372	53	15	c
373	36	9	k
374	32	21	p
375	5	8	n
375	15	4	a
375	44	30	m
375	48	4	a
375	48	5	v
376	18	12	o
377	16	14	z
377	23	15	I
377	23	16	I
377	23	17	I
377	48	26	t
377	51	23	o
378	3	6	o
378	30	53	m
378	45	4	n
379	23	3	f
379	26	6	p
381	13	16	u
381	31	16	m
382	2	61	s
383	12	4	e
383	12	5	s
384	47	15	a
385	7	15	l
385	24	55	R
385	30	29	v
385	37	12	P
386	20	11	p
386	20	12	o
386	32	54	a
387	52	6	o
389	13	18	s
389	14	29	r
389	27	42	m
389	31	40	f
390	49	63	r
391	2	38	R
391	2	42	i
391	3	33	l
392	10	62	o
392	34	19	f
392	40	33	e
392	40	34	s
392	49	1	a
393	4	12	t
393	34	6	i
393	50	8	l
393	50	9	i
393	51	3	d
393	51	12	s
393	51	14	a
394	30	24	V
394	31	10	I
394	41	14	b
395	7	22	r
395	7	23	o
395	15	16	l
395	19	59	o
395	20	64	a
395	28	36	o
396	16	48	r
396	29	13	a
397	3	3	l
397	40	20	f
397	53	25	s
398	13	59	a
398	16	11	Q
399	54	48	e
399	54	49	r
400	13	9	Q
400	24	1	a
401	38	19	e
402	17	6	I
403	37	12	m
404	29	6	e
404	41	50	a
404	47	51	I
404	47	52	S
405	18	29	m
405	39	14	n
406	6	14	o
407	19	22	o
407	25	7	P
408	17	32	e
408	20	57	P
408	45	0	o
408	56	0	o
409	9	10	o
409	15	9	v
410	3	4	u
410	40	15	C
410	43	22	a
410	45	47	i
411	15	13	o
411	21	40	r
411	42	42	o
411	47	45	m
411	50	58	a
411	53	33	m
412	31	9	v
413	8	23	r
413	38	17	O
413	48	36	r
415	19	15	o
415	54	54	s
415	54	55	i
415	54	57	e
416	13	23	r
416	30	11	t
417	4	20	a
417	19	40	m
419	46	17	I
420	9	17	v
422	23	1	e
422	23	3	o
422	25	60	T
422	31	1	e
422	31	2	r
422	32	3	n
423	11	13	v
425	39	57	n
426	12	5	k
426	17	31	m
428	5	14	m
428	10	35	e
429	53	53	x
430	26	14	p
430	37	4	u
432	54	42	k
433	9	22	a
433	22	21	o
433	23	45	c
433	36	2	p
434	15	8	l
434	21	37	C
434	53	53	n
434	53	55	s
435	9	34	m
435	34	23	o
436	18	20	k
437	2	52	e
437	2	54	a
437	30	15	a
439	43	11	P
439	56	13	l
440	17	21	I
440	26	18	t
441	25	9	a
441	29	37	m
441	48	6	i
442	37	23	n
443	53	40	a
444	2	0	s
444	2	2	s
444	42	3	o
444	42	4	l
445	25	10	s
445	44	44	x
446	12	9	P
446	26	27	i
446	26	28	a
447	8	4	o
448	16	3	O
448	27	13	p
448	31	5	l
449	10	16	m
449	28	11	o
450	15	48	k
450	33	7	a
450	54	21	k
451	3	5	l
451	3	6	o
451	7	32	a
451	36	12	n
452	46	12	s
453	17	31	x
453	39	2	a
453	39	4	a
455	3	3	a
455	10	27	x
455	47	40	m
456	14	47	B
457	29	19	Q
458	53	5	l
459	10	11	r
459	34	12	F
460	37	29	i
460	53	47	v
461	3	56	o
461	3	58	e
461	10	15	a
461	56	8	l
462	2	9	v
462	16	7	y
462	30	0	n
462	36	19	v
462	40	58	c
462	51	9	u
462	51	18	h
463	5	54	a
463	10	43	V
463	32	3	o
464	7	47	k
464	13	56	d
464	21	5	z
464	21	6	e
465	11	10	e
465	24	57	n
465	50	43	a
466	2	47	K
466	22	14	l
467	5	29	p
467	27	21	o
467	39	36	m
467	39	56	i
467	42	24	s
468	23	11	a
469	5	39	a
469	6	41	M
469	10	27	e
469	35	20	u
470	9	57	D
470	34	12	o
470	49	24	V
471	50	25	a
471	50	26	s
473	52	41	m
474	41	59	c
475	18	12	T
475	28	48	z
475	31	55	s
476	5	11	N
476	14	7	a
476	33	21	T
478	9	7	a
478	10	4	z
478	19	46	t
479	8	23	m
480	9	12	a
480	52	48	e
481	13	55	L
481	13	56	u
481	18	55	D
481	18	56	h
481	18	57	e
481	19	58	o
481	19	60	o
481	21	17	l
481	56	56	n
481	58	42	s
482	7	23	N
482	26	35	o
482	26	42	s
482	37	10	N
482	51	62	s
485	14	36	P
485	14	38	t
485	18	58	a
486	23	4	e
486	39	0	p
486	39	1	e
486	44	32	e
486	50	5	m
487	5	14	u
487	10	9	v
487	12	46	a
487	37	3	s
487	43	24	o
487	50	16	n
487	53	16	v
487	58	2	s
489	28	1	a
489	32	22	O
490	18	48	s
490	18	50	a
490	29	57	m
490	30	24	v
490	48	62	m
491	9	3	s
491	23	18	B
492	12	43	c
492	53	24	r
493	10	26	l
493	10	39	c
493	10	40	o
493	30	27	o
493	50	1	a
493	50	2	r
493	54	30	e
494	6	64	o
494	55	64	o
495	48	3	a
495	48	4	l
495	48	6	a
495	55	5	o
496	5	51	p
496	5	52	r
497	16	31	n
497	22	38	f
497	39	14	n
498	2	56	o
498	7	17	n
498	7	19	a
498	14	26	p
498	14	28	i
498	14	31	p
498	30	20	i
499	0	1	s
500	27	24	i
500	54	13	p
500	54	14	u
501	2	12	l
501	25	10	o
501	55	60	m
502	35	24	P
502	39	58	p
502	46	0	n
502	46	1	a
502	46	3	u
502	56	13	l
505	35	38	s
505	41	10	e
506	3	10	i
506	3	59	l
506	3	61	a
506	12	7	a
506	13	7	f
506	24	13	n
506	29	64	u
506	40	60	a
506	40	61	g
506	40	62	o
506	50	39	q
506	50	40	u
506	50	41	a
507	5	56	E
507	14	24	n
507	18	32	r
508	25	4	u
508	42	60	o
508	47	58	p
508	59	50	u
509	2	9	C
509	40	35	o
510	12	13	s
510	15	58	o
510	20	42	l
510	20	43	o
511	2	15	Q
511	9	3	o
511	17	12	e
511	39	41	x
511	55	4	l
511	55	5	a
512	5	53	e
513	23	22	P
513	42	29	s
514	13	9	v
514	22	14	p
516	6	37	s
516	9	29	s
517	6	17	o
518	3	5	e
518	15	60	m
518	15	61	a
518	21	9	e
518	24	12	l
518	24	60	m
518	25	5	e
518	25	6	l
518	42	35	i
519	54	10	R
521	11	55	m
521	11	56	e
521	32	53	a
521	32	55	o
521	45	14	I
521	47	55	k
521	47	56	o
523	4	5	a
523	11	54	u
523	16	31	s
524	15	20	a
524	28	21	a
524	45	54	f
525	8	40	m
525	10	26	m
525	26	43	c
525	36	44	o
526	23	14	a
526	40	4	a
526	48	4	u
526	56	8	u
526	56	9	l
526	56	13	D
527	2	0	a
527	13	35	t
527	13	39	o
527	26	26	R
527	38	3	s
527	44	3	i
528	6	10	s
528	6	11	e
528	6	12	n
528	7	13	l
528	26	4	n
528	50	58	c
528	50	59	h
528	54	6	u
529	19	15	s
529	24	21	m
529	24	22	i
529	56	12	l
530	2	50	a
530	7	40	a
530	36	46	a
530	46	12	i
530	46	13	n
530	48	48	a
530	49	15	n
530	53	24	p
531	47	28	u
532	4	27	t
532	10	32	u
534	13	9	k
534	17	9	a
534	30	27	e
534	41	68	s
535	47	4	a
535	47	5	r
536	30	27	C
537	11	3	s
537	11	5	n
537	11	6	o
537	52	21	a
538	23	8	d
538	45	19	m
539	10	23	l
539	33	9	n
539	45	39	e
539	45	41	o
539	46	15	s
540	29	8	e
540	29	19	C
540	52	69	n
541	8	25	e
541	46	5	n
542	3	44	o
542	29	17	O
543	10	4	o
543	19	4	e
543	24	15	e
543	24	17	e
543	48	5	e
543	49	5	a
543	54	58	e
543	54	59	n
544	33	59	m
545	12	57	u
545	30	47	i
545	30	49	a
545	31	58	s
545	31	59	u
545	38	34	a
545	41	28	p
545	41	29	o
545	41	30	s
545	47	10	r
545	50	51	p
545	50	52	o
545	50	53	r
546	1	16	V
546	6	13	d
546	6	14	u
546	15	58	d
546	15	59	u
546	16	61	u
546	20	26	o
546	21	47	L
546	21	48	i
546	22	18	s
546	22	19	e
546	30	22	n
546	30	23	u
546	30	24	r
546	40	31	o
546	41	55	D
546	48	50	o
546	48	51	o
546	48	52	a
546	54	20	o
546	54	34	d
546	55	44	i
547	7	60	i
547	20	57	k
547	20	58	u
547	29	10	m
547	35	11	K
547	40	23	o
548	6	34	i
548	9	27	T
548	10	30	l
548	16	10	l
548	51	29	m
549	14	33	o
550	25	64	o
550	26	49	a
551	2	55	T
551	2	58	a
551	35	9	v
551	45	3	s
552	8	12	o
554	22	26	L
554	41	44	p
555	54	5	u
555	54	6	p
556	56	8	e
557	27	55	s
558	15	9	l
558	35	22	o
558	35	23	m
558	40	35	p
558	40	37	o
559	12	16	m
559	22	7	V
559	41	28	x
560	32	3	b
560	33	51	K
561	31	18	Q
561	50	14	n
562	43	15	S
563	41	56	s
563	41	58	n
563	48	26	i
564	49	6	u
565	3	20	v
565	4	38	o
565	15	9	m
565	36	47	m
565	53	13	a
566	46	12	m
567	17	3	o
567	36	4	T
567	55	23	o
568	5	12	m
569	12	12	k
569	55	38	t
570	6	24	z
570	49	39	o
570	55	15	o
571	8	2	a
572	7	9	n
572	58	4	I
573	31	34	T
573	47	44	i
574	12	9	v
574	31	24	E
574	31	25	s
574	59	5	o
575	12	22	O
575	40	20	N
575	47	12	u
575	53	7	I
576	28	55	t
576	35	15	n
576	59	8	L
576	60	14	z
578	15	11	o
578	30	36	L
578	35	7	c
579	7	38	i
579	38	31	x
580	46	18	T
580	56	5	a
581	4	3	s
581	4	4	a
581	24	5	a
582	16	21	P
582	16	22	e
582	16	23	c
583	35	21	o
583	52	1	o
583	52	3	s
584	0	56	o
584	0	58	o
584	37	12	B
584	53	30	r
584	53	32	n
584	54	53	a
586	6	41	N
587	8	1	a
587	13	12	h
587	30	22	I
587	37	56	i
587	46	38	k
587	52	45	c
588	20	23	p
588	29	16	o
588	29	17	o
588	35	10	P
589	9	3	D
589	16	26	m
589	25	41	m
590	15	11	r
590	40	32	a
590	40	34	o
591	55	2	n
591	56	23	e
593	15	44	m
593	21	14	M
593	23	30	t
593	49	57	c
595	9	34	e
595	32	27	e
595	33	15	l
595	33	58	s
595	34	3	r
595	34	5	s
595	48	51	m
596	13	45	m
596	13	47	m
596	38	3	h
596	54	20	u
597	7	39	x
597	17	55	s
597	26	31	o
597	36	24	v
597	52	14	n
598	18	57	e
598	28	37	n
598	44	60	m
598	55	15	a
599	7	17	a
599	51	25	n
600	9	15	o
600	55	33	s
600	55	37	e
601	2	51	a
601	17	39	m
602	6	8	n
602	33	29	N
602	42	14	i
603	9	50	a
603	52	8	k
605	24	21	E
605	35	5	n
605	59	3	o
606	31	54	o
606	38	4	o
607	4	4	s
607	4	5	o
607	24	6	v
607	27	7	Q
608	6	14	c
609	14	14	n
609	21	12	t
610	41	7	l
610	54	4	u
610	54	5	a
611	5	14	T
612	2	1	s
612	2	4	o
612	6	25	o
612	24	14	V
612	37	18	o
612	46	37	p
613	27	29	l
613	33	15	a
614	39	13	n
614	55	3	m
614	55	4	u
614	57	0	s
614	57	3	o
616	7	60	e
616	19	56	i
616	20	14	c
617	8	30	a
617	9	10	h
617	15	6	k
617	38	4	M
617	38	9	S
617	56	6	v
618	0	57	i
618	0	58	i
618	14	0	P
618	18	10	e
618	18	12	n
618	18	17	P
618	34	4	m
619	3	26	p
619	3	28	i
619	46	48	P
619	46	49	a
619	56	10	p
621	9	51	s
621	44	4	h
621	47	10	h
621	47	17	o
622	4	24	s
622	4	26	a
622	9	16	o
622	33	33	n
622	35	3	a
622	35	4	l
622	42	19	F
622	49	3	n
622	49	4	u
622	49	5	r
622	55	12	e
623	11	5	c
623	13	19	m
623	34	39	m
623	35	11	t
624	12	7	a
624	42	20	x
625	32	29	m
626	48	9	P
626	50	60	m
627	28	59	u
627	47	11	o
628	7	1	u
628	43	3	s
628	46	3	p
629	4	57	s
630	30	6	m
630	30	8	p
630	38	10	o
630	55	29	p
630	62	18	o
631	9	6	u
631	9	15	n
632	29	46	l
632	32	0	s
632	33	46	s
632	43	0	v
632	52	0	v
632	55	7	l
633	6	40	o
633	20	9	l
633	50	0	s
633	50	1	a
634	12	0	a
634	25	4	a
634	57	5	c
635	16	26	S
635	49	19	z
635	52	61	c
635	57	13	e
636	39	22	m
637	27	10	N
637	32	20	Q
638	37	6	k
638	42	0	t
11	10	0	a
12	12	5	o
15	6	7	o
17	29	5	o
18	14	3	o
18	18	5	o
18	32	8	o
21	12	7	o
22	25	7	o
22	41	0	a
23	8	0	a
24	35	3	o
26	18	13	o
26	46	5	o
26	52	7	o
29	20	7	r
31	27	6	o
31	56	0	a
31	56	7	a
33	20	8	o
34	11	9	o
34	22	6	o
35	7	8	o
37	7	6	o
37	10	3	o
37	18	10	o
37	26	10	o
38	11	8	o
42	3	7	o
42	22	7	o
42	38	5	o
42	51	5	o
44	23	7	o
45	18	5	o
46	10	10	o
47	18	0	a
47	18	8	o
48	35	5	o
52	5	5	o
52	36	8	o
54	27	5	o
56	30	0	a
56	36	10	o
56	38	0	a
57	20	9	o
57	23	0	a
57	47	3	o
58	14	6	o
58	36	0	a
58	41	5	o
58	47	0	a
59	19	0	a
59	22	0	a
61	16	9	o
61	37	8	o
61	45	5	o
61	50	5	o
62	22	5	o
63	19	9	o
65	25	0	b
66	10	4	o
66	22	4	o
68	14	5	o
69	16	0	b
70	43	6	o
71	22	5	o
71	30	7	o
72	11	0	b
72	19	0	b
73	6	10	o
73	21	2	a
74	51	8	o
76	16	7	i
76	19	0	b
77	2	0	b
77	24	9	o
77	30	6	r
78	25	3	o
79	47	6	o
81	19	4	o
84	7	7	o
85	4	2	o
85	12	8	o
85	16	4	o
85	18	3	o
85	21	4	o
85	28	4	o
88	35	0	c
88	53	0	c
91	11	0	c
91	39	4	a
92	10	3	a
92	14	4	o
92	52	6	o
93	18	10	o
95	50	0	c
96	26	0	c
97	10	8	o
97	15	0	c
97	23	0	c
97	28	6	o
97	32	6	o
97	35	6	o
97	53	6	o
100	9	0	c
101	4	0	c
102	17	7	i
103	14	5	r
103	25	5	r
106	34	2	a
114	9	5	o
115	9	0	d
115	18	8	r
120	28	5	r
122	6	2	a
125	20	6	r
127	15	0	d
129	36	6	o
133	43	0	e
134	20	10	i
134	53	0	e
135	42	0	e
136	29	2	o
136	32	7	i
138	41	0	e
141	16	6	o
144	8	0	e
144	31	0	e
148	9	0	e
148	17	0	e
148	30	0	e
148	40	0	e
150	26	0	e
151	32	0	e
152	11	0	e
154	14	0	e
154	24	0	e
154	26	0	e
154	30	0	e
154	57	0	e
156	41	0	e
156	47	0	e
158	23	0	e
158	42	0	e
158	50	0	e
159	18	10	i
159	52	4	o
160	17	0	e
160	29	0	e
160	36	0	e
161	32	7	r
165	47	0	f
167	37	0	f
167	37	6	a
168	7	5	o
168	25	4	o
168	32	0	f
171	42	4	a
172	21	5	o
172	43	7	o
175	12	0	f
176	3	5	o
176	16	0	f
176	16	9	o
176	24	6	o
176	46	5	r
178	6	5	o
178	38	4	o
179	9	0	f
180	2	7	o
180	45	9	o
181	21	6	o
181	47	6	o
182	8	4	o
182	13	8	o
182	18	5	o
184	16	3	o
186	31	5	a
187	15	4	o
190	24	4	o
194	36	5	o
196	58	3	o
198	12	0	g
198	14	0	g
199	35	4	e
200	6	0	g
200	10	0	g
200	16	0	g
200	16	6	o
200	21	0	g
201	11	9	o
202	38	4	o
204	43	4	o
204	46	7	o
206	19	8	o
206	42	8	o
206	44	6	o
208	17	5	o
208	32	0	s
208	35	0	s
208	44	4	o
208	49	6	o
208	53	0	s
210	16	0	g
210	26	4	o
210	29	0	g
210	32	0	g
210	48	7	o
211	41	4	o
212	2	8	o
212	5	5	o
215	10	0	h
215	18	6	o
217	36	0	h
219	7	0	h
219	15	8	o
219	23	0	h
219	35	4	o
219	50	7	o
221	2	0	h
221	34	0	h
221	37	0	h
223	2	12	o
224	27	0	h
224	36	4	o
224	40	0	h
224	43	0	h
224	47	0	h
225	9	0	h
225	25	11	r
225	28	7	r
225	38	0	h
225	47	6	o
227	12	0	h
228	22	0	h
228	28	8	o
228	46	0	h
228	52	0	h
228	55	7	a
229	25	7	e
229	33	0	h
229	38	0	h
229	52	2	o
230	6	4	o
230	29	9	o
232	6	0	b
233	29	5	o
236	9	4	r
236	37	6	o
241	18	11	e
242	43	10	o
242	46	6	r
245	23	10	o
250	39	6	o
251	37	2	a
252	22	6	a
252	39	6	a
254	26	3	o
254	38	4	o
256	26	3	o
257	37	12	o
262	15	4	o
262	29	0	k
262	35	0	k
265	45	9	o
266	19	0	k
266	19	7	o
266	42	5	o
267	9	6	o
267	15	8	o
267	50	6	o
268	6	3	o
268	14	6	o
268	23	0	k
268	33	0	k
272	17	0	k
272	34	0	k
274	16	0	k
274	25	0	k
274	29	0	k
274	49	6	o
276	11	7	o
276	20	3	o
276	27	6	r
278	31	9	o
278	39	0	k
280	32	0	k
280	35	0	k
280	38	0	k
281	2	5	o
282	16	5	o
282	19	4	o
282	26	0	k
282	39	0	k
283	19	8	o
284	40	0	l
286	29	0	k
286	32	0	k
288	28	0	k
290	8	4	o
290	31	0	k
291	24	9	o
291	41	6	o
293	48	7	o
295	55	5	a
298	15	6	o
298	30	0	k
300	5	0	k
300	26	0	k
304	2	4	o
308	16	0	k
309	47	0	k
312	10	0	k
316	19	6	o
318	13	0	k
320	6	0	k
320	9	6	o
321	42	3	a
322	23	0	k
326	2	0	k
326	4	4	o
326	19	4	o
327	31	11	o
328	16	0	k
330	18	0	k
330	45	5	o
331	12	6	o
331	45	5	r
334	15	3	o
334	23	5	o
334	28	3	o
337	11	4	r
338	44	6	o
339	15	7	o
340	13	3	o
340	26	5	o
342	5	5	o
342	28	6	o
344	21	3	o
344	28	0	l
344	31	4	o
346	30	0	l
346	33	4	o
348	27	9	o
348	37	5	o
356	12	6	o
356	39	7	o
358	5	0	s
358	25	6	o
360	2	0	s
360	11	0	s
360	14	0	s
362	36	6	o
362	38	0	s
363	19	8	o
364	2	0	s
364	9	0	s
364	17	8	o
368	17	0	s
368	28	4	a
370	2	0	s
370	5	0	s
370	48	0	s
370	54	0	s
371	9	0	m
371	15	0	m
371	41	2	a
372	22	0	s
372	25	0	s
372	41	0	s
373	22	0	m
374	2	0	s
374	13	0	s
374	18	0	s
374	21	0	s
376	17	0	s
376	24	0	s
376	28	0	s
379	25	0	m
379	25	10	o
379	29	9	a
379	32	0	m
379	36	0	m
383	21	0	m
383	35	6	o
387	12	0	m
387	14	5	o
387	40	0	m
392	4	0	s
392	13	0	s
392	21	0	s
392	39	0	s
392	52	0	s
393	23	0	m
393	23	4	o
393	30	8	o
396	28	5	o
397	11	0	n
397	15	0	n
397	40	0	n
397	47	0	n
398	12	0	n
398	16	0	n
398	21	0	n
398	25	0	n
399	41	0	n
400	20	5	o
401	21	5	o
402	2	5	o
404	46	3	o
405	28	0	n
405	52	0	n
405	52	2	o
409	12	6	o
409	15	0	o
410	38	0	o
410	40	0	o
412	5	7	o
412	21	4	o
412	36	0	o
414	19	0	o
414	37	5	o
416	23	6	a
418	12	5	o
418	21	0	s
418	24	0	s
418	28	0	s
418	28	7	o
418	31	0	s
422	43	5	o
422	46	5	o
424	11	0	p
426	17	10	o
428	7	8	o
432	25	0	p
432	32	7	o
435	34	8	a
436	33	6	o
436	55	3	o
438	30	8	o
442	18	9	o
444	20	0	p
448	33	8	o
452	2	9	o
454	39	3	o
455	22	3	a
457	47	0	p
458	47	5	o
459	48	0	p
461	36	2	a
465	2	6	o
465	5	6	o
465	15	0	p
465	44	0	p
466	37	8	o
473	2	0	p
473	9	9	o
475	18	0	p
475	25	0	p
475	28	7	o
476	18	7	o
477	17	0	p
477	23	0	p
477	26	0	p
477	28	8	o
477	45	9	o
478	9	4	o
478	16	4	o
478	40	6	o
480	5	0	p
482	48	5	o
483	7	12	o
486	42	5	r
487	27	6	r
490	10	0	r
490	16	3	o
490	21	6	o
490	54	3	o
500	16	9	r
500	30	8	r
502	17	3	o
502	23	6	o
502	32	7	o
502	50	6	o
503	20	8	i
503	29	9	r
503	32	6	o
506	6	4	o
506	9	0	r
506	11	7	r
510	2	0	r
510	2	6	o
510	12	0	r
510	29	5	o
510	47	5	o
512	12	3	o
512	48	4	o
515	31	0	s
516	35	5	o
517	15	0	s
517	15	5	r
519	25	8	o
520	14	10	o
524	52	2	o
527	13	0	s
527	23	0	s
528	2	0	s
528	28	5	r
529	29	5	o
531	26	9	o
537	32	0	s
539	19	0	s
539	43	2	a
542	2	7	o
544	8	7	o
545	2	0	s
545	9	5	o
546	20	3	o
546	24	3	o
547	7	3	o
547	20	3	o
548	13	7	o
549	18	0	s
549	21	0	s
550	33	4	o
550	38	4	o
551	2	0	s
552	19	5	o
553	23	0	s
553	39	0	s
553	52	0	s
554	5	5	o
554	19	6	o
554	35	6	o
554	50	4	o
555	16	0	s
555	47	0	s
555	47	5	o
558	15	6	o
558	18	6	o
558	21	7	o
558	48	5	o
560	2	0	s
563	9	4	o
565	19	2	o
565	33	7	o
565	40	6	o
565	44	8	i
566	7	0	s
566	19	0	s
568	7	4	r
570	43	0	s
572	7	5	o
572	14	5	o
573	11	4	r
573	19	3	o
574	12	6	o
574	44	5	o
574	54	8	o
576	16	7	o
576	53	4	o
578	12	6	o
582	48	8	o
584	23	6	o
584	37	6	o
587	8	2	a
587	17	4	o
587	23	6	o
587	45	2	i
589	52	9	a
590	32	5	o
593	11	9	o
594	0	8	o
595	9	11	o
596	48	4	o
600	23	5	e
600	46	8	o
602	22	7	o
603	2	8	o
606	50	5	o
607	14	5	o
608	38	3	o
609	31	5	o
610	3	0	u
610	19	0	u
612	24	10	o
612	54	0	u
614	20	6	o
614	54	6	o
616	14	7	o
616	25	6	o
618	18	5	o
618	36	0	v
619	45	4	o
620	4	0	v
621	21	5	o
621	35	10	o
622	12	10	o
622	42	7	o
623	20	0	v
623	24	0	v
623	28	0	v
623	34	0	v
624	42	5	o
625	27	0	v
625	47	0	v
625	51	0	v
626	24	4	o
626	42	5	o
626	48	6	o
627	37	0	v
628	29	5	o
628	48	8	o
631	25	7	o
632	6	4	o
632	36	2	a
634	50	10	o
20	38	9	r
20	38	11	s
43	30	51	s
50	36	60	z
50	50	66	o
56	39	29	N
180	11	25	v
263	12	2	n
317	52	32	m
329	54	4	l
335	45	37	m
377	7	3	s
377	7	4	i
377	7	5	s
432	18	3	o
462	24	36	E
470	15	46	x
482	52	23	x
508	17	58	r
547	8	26	e
587	27	27	n
587	27	28	i
591	27	53	a
624	9	10	K
632	37	46	v
632	37	47	a
633	20	54	a
633	20	55	s
# --- relecture ciblee des vedettes signalees (219 planches, 1485 vedettes corrigees) ---
8	17	0	-
9	2	1	b
9	2	2	c
11	2	1	b
11	10	1	b
11	10	2	s
11	10	6	a
11	13	6	o
11	13	7	 
11	18	1	b
12	6	1	c
12	40	0	-
14	8	2	m
14	8	3	i
15	6	3	o
16	41	1	f
18	6	0	a
19	2	4	 
19	38	3	c
19	48	0	a
19	48	1	k
19	48	2	a
19	48	3	n
19	48	4	t
19	48	5	i
19	48	6	n
19	48	7	o
19	48	8	.
21	27	3	o
22	5	3	u
22	37	9	 
22	37	10	 
22	41	0	-
23	38	6	n
24	53	6	a
25	37	3	q
26	12	3	o
26	31	2	m
26	43	3	n
26	43	4	g
26	43	5	e
29	20	4	c
29	24	6	x
30	9	0	"
30	9	2	m
30	9	3	e
30	9	5	"
30	12	1	m
30	38	1	m
30	38	4	o
30	38	5	x
30	51	3	a
31	6	1	m
31	6	2	i
31	18	7	 
31	33	1	m
31	56	0	"
31	56	4	è
31	56	7	"
33	2	1	n
33	2	2	a
33	2	6	b
34	22	2	c
34	46	2	e
35	2	1	n
35	2	2	e
35	2	4	o
36	1	2	h
36	5	1	n
36	5	2	h
36	7	0	a
36	7	1	n
36	7	2	i
36	7	3	l
36	7	4	i
36	7	5	n
36	7	6	o
36	7	7	.
36	14	3	m
36	17	3	o
37	7	2	o
37	7	5	m
37	7	6	a
37	14	0	-
37	14	4	-
38	4	1	n
38	7	1	n
38	7	2	t
38	7	5	o
38	7	6	n
38	7	7	o
38	7	8	 
38	33	2	t
39	3	4	n
39	8	9	 
42	9	3	s
42	15	2	o
42	18	5	m
42	40	0	a
42	42	3	o
43	35	1	q
43	38	0	-
46	8	4	m
46	10	5	o
47	18	1	r
48	5	2	m
48	10	3	o
48	26	3	r
53	33	0	-
53	33	5	-
54	43	0	-
54	43	6	-
56	32	0	"
56	38	1	u
56	38	7	a
56	54	3	o
57	23	1	u
57	23	3	o
57	23	5	o
57	24	0	a
57	24	1	u
57	38	0	a
57	38	1	v
57	47	3	n
58	23	0	a
58	33	1	v
58	41	0	"
58	41	1	a
58	41	3	o
58	41	5	é
60	14	3	!
60	17	5	"
60	21	4	c
60	52	0	b
61	5	7	o
61	5	9	o
61	5	11	o
61	13	5	c
61	16	5	c
61	22	1	a
61	22	7	 
61	53	6	 
62	5	0	b
62	5	1	a
62	8	0	b
62	8	1	a
62	18	0	b
62	18	1	a
62	22	1	a
62	37	5	m
62	41	0	b
62	45	0	b
62	45	2	m
63	2	0	b
63	2	1	a
63	2	2	n
63	2	3	d
63	2	4	o
64	2	0	b
64	7	0	b
64	7	3	b
64	44	0	b
64	44	4	c
66	3	0	b
66	3	1	a
66	3	2	s
66	3	3	e
66	3	4	n
66	3	5	o
66	3	6	.
66	13	0	b
66	13	1	a
66	17	0	b
66	17	1	a
66	20	0	b
66	20	1	a
66	20	2	s
66	20	3	o
66	22	0	b
66	22	1	a
66	22	2	s
66	26	0	b
66	26	1	a
66	37	0	b
66	37	1	a
67	14	0	b
68	8	0	b
68	17	0	b
68	20	0	b
68	24	0	b
68	24	1	e
68	29	0	b
68	29	1	e
68	39	0	b
68	39	1	e
68	43	0	b
68	43	1	e
68	49	0	b
69	21	3	z
69	42	0	b
70	29	4	n
70	32	3	o
70	50	2	-
71	22	3	o
72	3	0	b
72	3	3	a
72	3	4	n
72	3	5	c
72	19	1	i
72	22	4	o
72	44	0	b
72	47	7	z
73	21	2	s
74	3	0	b
74	6	1	i
74	9	0	b
74	25	0	b
74	25	1	l
74	25	7	a
74	51	4	h
75	21	3	z
76	3	0	b
76	16	0	"
76	16	7	"
77	17	4	c
78	2	1	o
78	2	2	t
78	2	3	o
78	2	4	.
78	22	0	b
78	22	2	x
80	5	0	b
80	11	0	"
80	14	0	b
81	8	0	b
81	8	8	o
81	34	9	-
81	38	0	b
82	13	0	b
82	13	1	r
82	16	0	b
82	51	0	b
84	9	4	m
85	4	0	b
85	4	1	u
85	4	2	r
85	4	3	j
85	4	5	n
85	4	6	o
85	9	0	b
85	23	0	b
85	23	1	u
85	23	3	h
85	23	6	o
86	3	0	b
86	3	1	u
86	3	2	t
86	3	3	o
86	3	4	n
86	3	5	o
86	3	6	.
88	38	0	c
89	17	2	m
91	31	0	c
91	39	4	z
91	39	5	-
92	10	0	"
92	10	1	c
92	10	3	s
92	17	0	c
93	2	7	 
93	18	3	m
93	18	8	o
94	21	4	m
95	50	1	h
97	32	4	o
98	42	4	m
100	34	0	"
100	34	1	c
100	34	2	i
100	34	3	s
100	34	4	"
102	17	0	"
102	17	7	"
103	2	3	n
103	2	4	a
103	43	2	x
104	6	2	b
104	6	5	 
104	33	2	c
104	39	1	e
104	42	2	c
104	45	0	d
104	45	2	c
104	51	1	e
104	51	2	c
104	51	4	g
105	27	3	e
105	27	7	.
105	27	8	 
105	30	8	a
106	2	1	e
106	10	1	e
106	15	0	d
106	15	1	e
106	15	2	f
106	15	3	o
106	15	4	r
106	17	1	e
106	19	1	e
106	22	2	g
106	34	2	k
106	40	1	e
107	28	6	a
107	53	1	e
110	8	7	 
112	15	0	"
112	17	3	-
114	11	3	o
114	14	2	v
114	42	0	d
114	42	1	i
114	42	2	a
114	42	3	b
114	42	4	a
114	42	5	s
114	42	6	o
114	42	7	.
115	2	0	d
115	2	1	i
115	6	0	d
116	26	3	s
116	26	6	z
116	48	3	e
118	52	3	o
122	6	2	s
123	10	3	k
123	10	4	u
123	43	3	p
123	48	3	p
123	52	3	p
125	43	0	"
126	45	1	o
126	48	1	o
126	52	1	o
127	42	2	m
128	5	1	o
128	36	1	o
128	50	0	d
128	50	1	o
128	50	2	t
128	54	1	o
128	54	2	z
128	54	4	 
131	49	2	p
133	21	0	-
133	21	4	-
133	43	0	c
133	43	7	a
134	7	1	c
134	16	0	-
134	16	3	-
134	20	0	"
134	20	5	w
134	20	10	"
135	16	0	e
135	42	0	-
135	42	3	-
136	5	1	g
136	8	0	e
136	17	0	"
136	29	0	e
136	32	0	"
136	32	7	"
136	41	0	e
136	44	0	e
136	47	0	e
136	50	0	e
137	9	3	o
138	38	9	z
140	3	2	o
140	11	0	"
140	11	8	"
141	27	5	c
142	13	1	m
142	13	2	e
142	16	4	z
142	23	1	m
142	34	1	m
143	50	1	n
144	8	1	n
144	8	2	d
144	12	1	n
144	31	1	n
146	5	1	n
146	11	1	n
146	45	1	o
146	45	2	z
147	11	3	c
148	5	1	p
148	5	2	i
148	9	1	p
148	11	1	p
148	11	6	m
148	21	1	p
148	30	1	p
148	40	1	p
149	45	1	q
150	5	1	q
150	5	2	u
150	11	1	q
150	41	4	-
151	32	0	-
151	32	3	-
152	13	4	-
152	34	3	a
153	21	0	-
153	21	4	-
154	8	0	e
154	8	1	s
154	8	2	p
154	14	1	s
154	19	1	s
154	22	1	s
154	55	1	s
155	17	0	-
155	17	5	-
155	23	4	a
155	36	3	u
156	11	0	e
156	38	3	o
156	41	2	m
158	13	2	o
158	16	0	e
158	18	0	"
158	18	10	"
158	42	2	a
158	46	0	e
158	46	1	x
159	18	0	"
159	18	10	"
160	6	0	e
160	6	1	x
160	6	2	i
160	6	5	a
160	17	1	x
160	20	1	x
160	29	1	x
160	36	1	x
160	47	1	x
161	17	6	o
161	20	1	x
161	47	2	p
161	47	4	o
161	47	5	r
161	47	7	r
161	47	8	 
161	52	3	l
162	7	0	e
162	7	1	x
162	10	1	x
162	19	0	e
162	22	1	x
162	28	0	e
162	30	0	e
162	33	0	e
162	33	1	x
162	41	0	e
165	24	0	"
165	24	9	"
167	26	0	"
167	37	0	"
167	37	6	"
168	14	1	a
168	25	1	a
168	32	0	"
168	40	3	h
169	11	3	c
170	13	0	f
171	42	0	"
171	42	4	"
172	16	0	f
173	29	2	j
175	2	2	n
175	6	5	c
176	3	0	f
176	3	1	i
176	3	2	z
176	7	3	o
176	16	1	i
176	16	4	o
176	18	5	 
176	32	2	a
176	32	4	o
176	46	0	f
176	46	1	l
176	46	2	a
176	46	3	n
179	3	3	n
179	3	4	d
179	9	6	c
180	2	1	o
180	6	1	f
180	6	2	o
180	6	3	l
180	6	6	m
180	6	7	"
180	14	0	f
180	14	1	o
180	14	2	m
180	17	1	o
180	17	2	n
180	21	1	o
180	28	1	o
180	28	2	n
180	28	7	m
180	30	1	o
180	39	1	o
180	39	2	n
180	42	1	o
181	14	3	c
181	47	3	m
182	3	4	u
182	6	1	o
182	8	0	f
182	18	1	o
182	18	5	n
182	50	1	o
184	2	1	o
184	9	0	f
184	9	1	o
184	9	2	x
184	13	1	o
184	13	2	x
184	16	1	o
184	24	1	r
184	24	2	a
184	42	3	m
186	24	0	f
186	24	1	r
186	24	2	e
186	27	0	f
186	27	1	r
186	27	2	e
186	27	3	q
186	31	0	f
186	31	1	r
186	31	2	e
186	31	3	s
186	31	4	h
186	33	0	f
186	33	1	r
186	33	2	e
186	33	6	 
186	37	0	f
186	37	1	r
186	37	2	e
186	37	3	t
186	39	0	f
186	39	1	r
186	39	2	e
186	39	3	z
186	39	6	 
186	46	1	r
186	46	2	i
186	46	4	b
187	15	3	s
188	9	0	f
188	9	1	r
188	9	2	o
188	9	3	n
188	12	1	r
188	12	2	o
188	19	1	r
188	21	1	r
188	21	2	o
188	24	3	a
190	15	0	f
190	15	1	u
190	15	2	n
190	22	0	f
190	22	1	u
190	22	2	n
190	24	0	f
190	24	1	u
190	28	1	u
190	28	2	n
190	43	1	u
190	53	1	u
193	6	3	e
193	24	4	c
194	6	0	g
194	6	1	a
194	12	0	g
194	12	1	a
194	16	0	g
194	16	2	m
194	16	4	 
194	20	0	g
194	26	0	g
194	26	1	a
194	26	2	m
194	29	0	g
194	29	2	m
194	29	4	o
194	31	1	a
194	36	1	a
194	42	0	g
195	9	1	a
195	21	6	z
195	50	3	n
196	6	0	g
196	6	1	a
196	11	0	g
196	14	0	g
196	14	1	a
196	17	0	g
196	17	1	a
196	17	2	s
196	17	4	 
196	20	0	g
196	24	0	g
196	37	0	g
196	37	1	a
196	39	0	"
196	39	1	g
196	39	9	"
196	44	0	g
196	58	0	g
196	58	2	z
197	5	2	z
197	11	2	-
197	32	0	g
197	32	1	e
197	32	3	u
197	32	4	l
198	22	1	e
199	35	0	"
199	35	4	"
199	44	7	"
201	38	4	"
201	55	4	a
202	15	0	g
202	20	0	g
202	23	0	g
202	29	0	g
202	32	1	l
202	38	1	l
202	43	1	l
202	49	1	l
202	49	3	c
203	9	4	o
204	9	1	u
204	16	1	l
204	25	1	l
204	36	1	n
204	55	6	o
204	58	1	o
205	4	0	+
205	44	0	g
205	47	3	i
206	8	0	g
206	8	1	r
206	8	2	a
206	8	3	c
206	10	0	g
206	10	1	r
206	10	2	a
206	10	3	c
206	19	0	g
206	19	1	r
206	23	0	g
206	27	0	g
206	27	1	r
206	33	0	g
206	33	6	o
206	39	0	g
206	39	1	r
206	39	2	a
206	42	2	a
208	5	0	g
208	5	1	r
208	8	0	g
208	8	1	r
208	8	2	a
208	17	0	g
208	17	1	r
208	17	2	a
208	21	0	g
208	21	1	r
208	29	0	g
208	29	1	r
208	32	0	g
208	49	0	g
208	49	1	r
208	53	0	g
209	15	5	s
209	50	7	a
210	5	1	r
210	12	0	g
210	12	1	r
210	16	1	r
210	16	2	u
210	16	3	m
210	16	4	o
210	21	1	r
210	26	1	r
210	32	1	u
210	38	1	u
210	43	1	u
211	23	0	+
212	2	0	g
212	2	1	u
212	5	1	u
212	9	0	g
212	9	1	u
212	9	2	v
212	12	1	u
212	12	2	y
212	12	4	v
213	12	2	b
213	43	0	h
214	10	0	h
214	13	0	h
214	17	0	h
214	17	1	a
214	21	0	h
214	21	1	a
214	25	0	h
214	25	1	a
214	25	5	o
214	27	0	h
214	27	1	a
214	27	2	m
214	27	3	a
214	30	0	h
214	30	1	a
214	30	2	m
214	34	0	h
214	34	1	a
214	34	2	m
214	34	3	s
214	37	0	h
214	37	1	a
214	37	2	n
214	42	0	h
214	42	1	a
214	42	2	n
214	42	3	c
214	42	5	o
215	3	0	h
215	3	1	a
215	3	2	r
215	3	3	a
215	3	4	s
215	3	5	o
215	3	6	.
215	3	7	 
215	7	4	 
215	22	3	m
215	22	4	o
215	22	5	n
215	25	1	a
215	25	3	m
215	25	4	o
215	25	5	n
215	25	6	i
215	25	9	 
215	53	3	o
216	3	0	h
216	9	0	h
216	15	0	h
216	20	0	h
216	28	0	h
216	28	1	e
216	28	2	g
216	37	0	h
216	40	4	a
216	42	0	h
216	42	1	e
216	51	0	h
216	53	0	h
216	55	0	h
216	57	0	h
216	57	1	e
216	57	5	w
216	57	6	a
216	57	7	t
216	57	9	.
218	2	0	h
218	2	1	e
218	4	0	"
218	4	1	h
218	4	2	e
218	4	7	"
218	8	0	h
218	15	0	h
218	15	1	e
218	15	4	!
218	17	0	h
218	17	2	m
218	20	0	h
218	20	1	e
218	20	2	m
218	22	0	h
218	22	1	e
218	25	0	h
218	25	1	e
218	25	3	i
218	25	4	o
218	28	0	h
218	28	1	e
218	31	0	h
218	31	1	e
218	31	3	i
218	34	0	h
218	34	1	e
218	34	2	m
219	2	3	a
219	2	6	 
219	7	7	o
219	7	8	 
219	18	1	e
219	27	8	 
219	32	4	o
220	2	0	h
220	7	0	h
220	14	0	h
220	18	0	h
220	25	0	h
220	25	3	o
220	30	0	h
220	43	0	h
220	48	0	h
220	50	0	h
220	53	0	h
220	53	1	e
221	24	2	x
221	34	2	z
221	43	0	h
223	9	4	o
224	6	0	h
224	51	0	h
224	51	1	i
225	6	0	h
225	6	6	o
225	6	8	o
225	28	3	n
225	31	4	-
225	33	4	c
225	38	3	o
225	38	6	o
225	49	3	o
225	52	6	m
225	52	7	p
225	52	9	 
227	6	8	o
227	44	0	h
227	44	1	o
227	44	2	b
227	44	3	i
227	44	4	o
227	44	5	.
227	44	6	 
228	11	0	h
228	15	0	h
228	15	1	o
228	15	5	!
228	19	3	o
228	22	8	a
228	22	9	 
228	25	3	o
228	34	2	m
228	37	1	o
228	55	0	h
228	55	1	o
229	9	1	o
229	9	3	o
229	9	6	n
229	9	7	t
229	9	9	o
229	9	10	 
229	25	6	g
229	25	7	a
229	28	8	 
229	33	1	o
229	48	1	o
229	52	0	h
229	52	1	o
229	52	2	p
229	52	4	!
230	6	0	h
230	6	1	o
230	6	3	o
230	6	4	 
230	9	0	h
230	9	1	o
230	34	0	h
230	42	3	o
230	49	0	h
230	49	1	o
231	9	8	"
231	13	3	!
231	24	0	h
231	24	1	u
231	24	4	!
231	55	0	h
232	2	0	"
232	2	5	 
232	2	6	!
232	9	0	h
232	12	0	h
232	12	1	u
232	12	3	a
232	16	0	h
232	16	1	u
233	10	0	-
233	13	0	-
233	15	2	m
233	15	3	b
233	15	4	o
233	15	5	 
233	27	3	-
234	26	0	-
234	26	1	i
234	26	2	f
234	26	3	-
234	26	4	.
234	29	0	-
234	29	3	-
234	35	0	i
234	35	1	g
234	35	2	n
234	38	0	i
234	38	2	u
234	53	1	k
235	25	0	"
235	28	3	-
235	50	0	-
235	50	3	-
236	3	0	i
236	3	2	a
236	3	3	j
236	9	0	i
236	9	2	a
236	9	3	n
236	9	4	a
236	9	5	r
236	9	6	.
236	12	0	i
236	12	2	b
236	12	3	a
236	12	4	s
236	12	5	t
236	12	6	a
236	12	7	r
236	20	0	i
236	20	1	m
236	20	2	b
236	20	3	r
236	20	4	i
236	20	5	k
236	20	6	a
236	20	7	r
236	20	8	.
236	23	0	i
236	23	2	e
236	23	3	n
236	23	4	s
236	23	5	a
236	23	6	.
236	33	0	i
236	33	2	o
236	33	3	l
236	33	4	a
236	33	5	r
236	33	6	.
236	37	0	i
236	37	2	o
236	37	3	r
236	37	4	t
236	37	5	e
236	37	6	l
236	37	7	o
236	37	8	.
236	41	0	i
236	41	2	p
236	41	3	e
236	41	4	d
236	41	5	a
236	41	6	r
236	41	7	.
236	44	0	i
236	44	2	p
236	44	3	e
236	44	4	r
236	44	5	a
236	44	6	r
236	44	7	.
236	51	0	i
236	51	1	m
236	51	2	p
236	51	3	e
236	51	4	r
236	51	5	a
236	51	6	t
236	51	7	o
236	51	8	r
236	51	9	o
236	51	10	.
238	39	0	i
238	39	1	n
238	39	2	c
239	2	0	-
239	42	2	d
239	53	2	d
239	53	6	d
240	35	0	i
240	37	1	n
240	39	0	i
240	39	1	n
240	41	0	"
240	41	1	i
240	51	1	n
241	18	11	a
241	21	1	n
241	34	0	i
241	34	1	n
241	34	2	f
241	34	3	l
241	34	4	a
241	34	5	c
241	34	6	a
241	34	7	r
241	34	8	.
241	34	9	 
242	8	0	i
242	8	1	n
242	8	2	f
242	8	3	u
242	8	4	z
242	8	5	a
242	8	6	r
242	8	7	.
242	12	0	i
242	12	1	n
242	12	2	f
242	12	3	u
242	12	4	z
242	12	5	o
242	12	6	r
242	12	7	i
242	12	8	o
242	12	9	.
242	17	0	i
242	17	1	n
242	17	2	g
242	17	3	l
242	17	4	o
242	17	5	b
242	17	6	a
242	17	7	r
242	17	8	.
242	21	0	i
242	21	1	n
242	21	2	g
242	21	3	r
242	21	4	a
242	21	5	n
242	21	6	a
242	21	7	r
242	21	8	.
242	25	0	i
242	25	1	n
242	25	2	g
242	25	3	r
242	25	4	e
242	25	5	d
242	25	6	i
242	25	7	e
242	25	8	n
242	25	9	t
242	25	10	o
242	25	11	.
242	28	0	i
242	28	1	n
242	28	2	g
242	28	3	u
242	28	4	i
242	28	5	n
242	28	6	o
242	28	7	.
242	31	0	i
242	31	1	n
242	31	2	h
242	31	3	a
242	31	4	l
242	31	5	a
242	31	6	r
242	31	7	.
242	36	0	i
242	36	1	n
242	36	2	h
242	36	3	i
242	36	4	b
242	36	5	a
242	36	6	r
242	36	7	.
242	39	0	i
242	39	1	n
242	39	2	i
242	39	3	c
242	39	4	i
242	39	5	a
242	39	6	r
242	39	7	.
242	43	3	c
242	43	10	r
242	52	0	i
242	52	1	n
242	52	2	j
242	52	3	e
242	52	4	n
242	52	5	i
242	52	6	o
242	52	7	r
242	52	8	o
242	52	9	.
244	38	0	i
244	38	1	n
244	38	2	s
244	44	1	n
244	44	2	s
244	44	8	a
244	57	1	n
245	31	0	-
245	43	0	i
245	43	1	n
245	43	2	t
245	43	3	e
245	43	4	l
245	43	5	e
245	43	6	k
245	43	7	t
245	43	8	u
245	43	9	e
245	43	10	l
245	43	11	o
245	43	12	.
245	43	13	 
245	50	1	n
245	50	3	e
247	38	0	"
247	38	9	"
248	18	0	i
248	18	1	n
248	18	2	t
248	25	1	i
248	29	0	i
248	29	1	n
248	45	1	n
249	5	6	a
249	57	5	"
250	2	0	i
250	2	1	p
250	2	2	s
250	2	3	a
250	2	4	.
250	5	1	i
250	5	2	r
250	7	0	i
250	7	1	r
250	7	2	a
250	7	3	r
250	41	0	i
250	50	0	-
251	11	0	-
251	16	0	+
251	37	0	-
251	37	2	z
251	55	1	z
251	55	2	o
252	6	1	z
252	6	2	o
252	6	3	k
252	6	4	l
252	6	5	i
252	6	6	n
252	6	7	o
252	9	0	i
252	9	1	z
252	9	2	o
252	9	3	k
252	9	4	r
252	9	5	o
252	9	6	n
252	9	7	a
252	9	8	.
252	11	0	i
252	11	1	z
252	11	2	o
252	11	3	l
252	11	4	a
252	11	5	r
252	11	6	.
252	16	0	i
252	16	1	z
252	16	2	o
252	16	4	e
252	16	5	r
252	16	6	a
252	19	0	i
252	19	1	z
252	19	2	o
252	19	3	m
252	19	4	e
252	19	5	t
252	19	6	r
252	19	7	a
252	19	8	.
252	25	0	i
252	25	1	z
252	25	2	o
252	25	3	p
252	25	4	e
252	25	5	r
252	25	6	i
252	25	8	e
252	25	9	t
252	25	10	r
252	25	11	a
252	25	12	.
252	32	0	i
252	32	1	z
252	32	2	o
252	32	3	t
252	32	4	o
252	32	5	n
252	32	6	i
252	32	7	k
252	32	8	a
252	32	9	.
253	24	0	j
253	24	1	a
253	33	1	a
253	33	3	a
254	2	0	j
254	2	1	a
254	2	2	r
254	2	3	o
254	5	0	j
254	5	1	a
254	5	2	r
254	5	3	d
254	5	4	i
254	5	5	n
254	5	6	i
254	5	7	e
254	5	8	r
254	5	9	o
254	5	10	.
254	8	0	j
254	8	1	a
254	8	2	r
254	8	3	g
254	8	4	o
254	8	5	n
254	8	6	a
254	8	7	r
254	8	8	.
254	13	0	j
254	13	1	a
254	13	2	s
254	13	3	m
254	13	4	i
254	13	5	n
254	13	6	o
254	13	7	.
254	17	0	j
254	17	1	a
254	17	2	s
254	17	3	p
254	17	4	o
254	17	5	.
254	23	0	j
254	23	1	e
254	26	0	j
254	26	1	e
254	26	2	l
254	26	3	e
254	26	4	o
254	26	5	.
254	29	0	j
254	29	1	e
254	29	2	l
254	29	3	o
254	29	4	z
254	29	5	i
254	29	6	o
254	29	7	.
254	36	0	j
254	36	1	e
254	36	3	a
254	36	4	r
254	36	5	.
254	38	0	j
254	38	1	e
254	38	3	e
254	38	4	l
254	38	5	o
254	38	6	.
254	42	0	j
254	42	1	e
254	42	2	n
254	42	3	a
254	42	4	r
254	42	5	.
254	45	0	j
254	45	1	e
254	45	2	n
254	45	3	d
254	45	4	a
254	45	5	r
254	45	6	m
254	45	7	o
254	45	8	.
254	48	0	j
254	48	1	e
254	48	2	n
254	48	3	i
254	48	4	o
254	48	5	.
254	52	0	j
254	52	1	e
254	52	2	n
254	52	3	j
254	52	4	i
254	52	5	v
254	52	6	o
254	52	7	.
254	55	0	j
254	55	1	e
254	55	2	n
254	55	3	j
254	55	4	i
254	55	5	v
254	55	6	i
254	55	7	t
254	55	8	o
255	38	3	e
256	3	0	j
256	3	1	o
256	3	2	k
256	3	3	e
256	3	4	o
256	3	5	.
256	13	0	j
256	13	1	o
256	13	2	n
256	13	3	q
256	13	4	u
256	13	5	i
256	13	6	l
256	13	7	o
256	21	0	j
256	21	1	o
256	21	2	y
256	21	3	a
256	21	4	r
256	21	5	.
256	47	0	j
256	47	1	u
256	47	2	l
256	47	3	e
256	47	4	p
256	47	5	o
256	47	6	.
256	51	0	j
256	51	1	u
256	51	2	l
256	51	3	i
256	51	4	o
256	51	5	.
256	54	0	j
256	54	1	u
256	54	2	l
256	54	3	i
256	54	4	e
256	54	5	n
256	54	6	o
256	54	7	.
257	33	0	j
257	33	1	u
258	0	0	j
258	0	1	u
258	0	2	s
258	0	3	t
258	0	4	i
258	0	5	f
258	0	6	i
258	0	7	k
258	0	8	a
258	0	9	r
258	0	10	.
258	3	0	j
258	3	1	u
258	3	2	t
258	3	3	o
258	3	4	.
258	6	0	j
258	6	1	u
258	6	2	v
258	6	3	e
258	6	4	l
258	6	5	o
258	6	6	.
258	23	0	k
258	23	1	a
258	23	2	(
258	35	0	k
258	35	1	a
258	35	2	b
258	35	3	i
259	5	3	e
260	7	1	a
260	13	3	a
260	28	1	a
261	14	1	a
262	2	1	a
262	4	1	a
262	15	1	a
262	15	3	m
262	15	4	a
262	17	1	a
262	21	1	a
262	21	3	o
262	21	4	m
262	25	1	a
262	38	1	a
262	41	3	o
263	12	1	e
263	12	2	m
263	40	0	k
263	42	1	a
264	11	1	a
264	11	2	m
264	27	1	a
266	2	1	a
266	2	2	n
266	5	1	a
266	5	2	n
266	5	3	e
266	14	1	a
266	14	2	n
266	14	3	g
266	14	4	u
266	19	1	a
266	23	1	a
266	31	0	k
266	31	1	a
266	31	2	n
267	28	0	k
267	46	1	a
267	46	2	n
268	6	1	a
268	14	1	a
268	14	6	a
268	33	1	a
269	7	1	a
270	8	0	k
270	8	1	a
270	8	2	p
270	8	3	t
270	12	1	a
270	15	0	k
270	15	1	a
270	15	2	p
270	15	3	u
270	15	4	c
271	15	6	n
272	4	1	a
272	4	2	r
272	6	0	k
272	6	1	a
272	6	2	r
272	11	1	a
272	14	1	a
272	34	1	a
273	18	4	b
274	5	1	a
274	12	1	a
276	3	5	z
276	7	1	a
276	20	2	s
277	50	3	a
278	8	1	a
278	12	0	k
278	12	1	a
279	55	0	k
279	55	2	u
279	55	4	o
279	55	5	.
280	9	0	k
280	9	1	a
280	9	2	u
280	12	1	a
280	15	1	a
280	15	2	u
280	15	3	s
280	19	1	a
280	19	2	u
280	28	1	a
280	32	1	a
280	35	1	a
280	38	1	a
280	57	2	z
282	5	0	k
282	5	1	e
282	5	2	m
282	5	3	i
282	5	4	o
282	5	5	 
282	10	1	e
282	10	2	m
282	13	1	e
282	13	2	m
282	16	1	e
282	16	2	n
282	19	1	e
282	19	2	p
282	26	1	e
282	28	1	e
282	28	3	m
282	33	1	e
282	39	1	e
282	48	0	"
282	48	5	"
283	10	3	o
284	20	0	k
284	20	1	i
284	25	0	k
284	25	1	l
284	25	2	a
284	28	0	k
284	34	0	k
284	34	1	l
284	34	2	a
284	34	7	 
284	38	0	k
284	38	1	l
284	40	0	k
284	40	1	l
284	51	0	k
285	15	6	a
285	18	0	k
286	9	0	k
286	9	7	a
286	22	1	l
288	3	1	l
288	3	6	o
288	6	1	l
288	14	1	l
288	23	1	l
289	32	2	b
290	11	0	k
290	11	1	o
290	15	0	k
290	15	1	o
290	15	2	h
290	18	1	o
290	18	2	h
291	28	3	c
291	28	4	h
292	3	1	o
292	8	1	o
292	8	4	o
292	12	1	o
292	16	1	o
292	19	4	a
292	22	1	o
292	32	1	o
294	6	0	k
294	6	1	o
294	9	1	o
294	15	0	k
294	15	1	o
294	19	1	o
294	24	1	o
294	28	1	o
294	35	1	o
295	17	2	m
295	17	4	u
295	17	7	a
295	55	1	o
296	24	0	k
296	24	1	o
296	24	3	o
296	36	1	o
296	51	0	k
296	51	1	o
297	39	1	o
298	3	0	k
298	3	1	o
298	3	3	p
298	8	1	o
298	12	1	o
298	15	1	o
298	15	3	p
298	15	4	o
298	22	1	o
298	24	1	o
298	24	3	p
298	33	1	o
298	33	4	u
299	20	3	c
300	36	4	o
302	12	1	o
302	17	1	o
302	17	2	n
302	34	1	o
302	34	2	n
302	36	1	o
304	4	0	k
304	4	1	o
304	4	2	n
304	6	1	o
304	6	2	n
304	10	0	k
304	10	1	o
304	10	2	n
304	10	3	k
304	14	1	o
304	14	2	n
304	31	0	k
304	34	1	o
305	16	8	n
305	20	3	q
305	44	2	n
305	44	5	q
308	2	1	o
308	8	1	o
308	8	5	m
308	8	6	i
308	10	2	n
308	19	1	o
310	6	1	o
310	6	2	n
310	9	1	o
310	9	2	n
310	9	4	u
310	13	2	n
310	21	2	n
310	27	6	c
310	40	5	r
311	19	2	n
311	41	3	p
312	28	1	o
314	2	1	o
314	4	1	o
314	7	1	o
314	7	2	r
314	11	3	m
315	11	3	o
315	53	1	o
316	10	1	o
316	16	1	o
316	30	1	o
317	3	1	o
317	3	3	m
317	39	1	o
318	45	4	p
318	59	2	a
318	59	3	s
318	59	4	o
319	23	3	z
319	27	2	e
319	27	3	a
319	48	2	e
321	24	2	e
321	24	3	v
321	27	2	e
321	27	3	v
321	31	3	v
321	31	6	a
321	35	0	k
321	35	2	i
321	35	3	e
321	42	0	k
321	42	2	i
321	42	3	k
321	44	2	i
321	48	0	k
321	48	2	i
321	48	4	-
321	48	7	a
322	10	1	r
322	18	1	r
323	14	5	c
323	21	3	z
323	40	3	c
323	40	4	h
324	2	0	k
324	2	1	r
324	2	7	n
324	6	1	r
324	9	0	k
324	9	1	r
324	9	2	o
324	21	2	o
324	24	2	o
324	27	0	"
325	45	0	k
325	45	7	x
325	48	0	k
325	48	3	d
325	48	4	a
326	4	1	r
326	13	3	m
327	13	0	k
327	34	0	k
327	34	1	u
327	46	0	k
327	48	3	e
327	51	1	k
327	51	2	u
327	54	0	k
328	2	0	k
328	2	1	u
328	16	1	u
329	6	0	k
329	6	1	u
329	20	4	a
329	47	4	c
329	50	1	u
329	50	4	c
330	2	1	u
330	5	1	u
330	5	3	a
330	10	1	u
330	35	1	u
331	45	1	u
332	10	1	u
332	16	2	t
332	18	1	u
333	17	0	"
334	12	1	a
334	12	2	c
334	23	1	a
334	23	3	u
334	36	3	o
336	2	4	o
336	2	5	 
336	2	6	 
336	18	0	"
336	18	3	n
336	40	3	s
338	6	1	a
338	34	1	a
338	34	2	t
338	34	3	i
338	34	4	r
338	34	5	o
339	28	3	a
339	31	2	v
340	26	0	l
340	35	1	e
340	35	2	g
341	9	2	m
341	50	1	e
342	53	0	+
343	2	5	o
343	2	6	 
344	15	2	c
344	15	5	c
345	25	3	a
345	25	4	c
345	32	5	c
345	39	1	i
346	20	2	m
346	26	1	i
346	26	2	n
346	26	3	c
346	33	3	e
347	19	1	i
347	19	2	n
347	19	4	n
347	19	6	 
347	22	2	n
347	22	4	e
347	26	6	d
347	26	7	o
347	31	5	i
347	31	6	m
347	33	2	q
348	27	8	r
349	20	2	v
349	20	3	a
350	2	4	o
350	6	1	o
351	20	2	m
351	23	3	c
351	23	4	h
351	33	0	o
351	50	3	a
353	15	3	a
353	28	2	n
355	24	11	"
355	28	10	h
355	31	0	"
355	40	0	"
355	40	8	 
355	40	9	 
355	40	10	 
355	40	11	 
355	40	12	 
355	40	13	 
355	40	14	 
355	40	15	 
355	40	16	 
355	48	1	a
355	48	2	d
356	3	0	m
356	3	1	a
356	3	2	g
356	3	3	a
356	15	0	m
356	15	1	a
356	15	2	g
356	15	3	n
356	15	4	e
356	20	0	m
356	23	0	m
356	27	0	m
356	27	1	a
356	36	0	m
356	39	0	m
356	42	0	m
356	42	3	z
356	45	0	m
356	45	1	a
356	45	2	j
356	54	0	m
357	4	1	a
357	33	10	a
357	44	4	e
358	5	0	m
358	5	1	a
358	9	0	m
358	17	0	m
358	17	1	a
358	22	0	m
358	25	0	m
358	25	1	a
358	27	0	m
358	34	0	m
358	34	1	e
358	41	0	m
358	49	0	m
358	49	1	a
358	53	0	m
359	39	2	n
359	45	3	c
359	49	7	n
360	14	0	m
360	14	1	a
360	18	0	m
360	18	1	a
360	23	0	m
360	23	1	a
360	26	0	m
360	40	0	m
360	40	1	a
360	49	0	m
362	3	0	m
362	3	1	a
362	7	0	m
362	25	0	m
362	25	1	a
362	28	0	m
362	38	0	m
362	42	0	m
363	32	1	a
363	48	1	a
364	2	0	m
364	2	1	a
364	2	3	g
364	6	0	m
364	6	1	a
364	9	0	m
364	9	1	a
364	9	2	r
364	13	0	m
364	22	0	m
364	22	1	a
364	25	0	m
364	33	0	m
364	54	0	m
366	2	0	m
366	2	1	a
366	8	0	m
366	8	1	a
366	14	0	m
366	14	1	a
366	17	0	m
366	17	1	a
366	29	0	m
366	32	0	m
366	37	0	m
366	37	1	a
366	43	0	m
366	47	0	m
366	47	1	a
367	47	1	a
367	49	5	c
368	13	0	m
368	13	1	a
368	17	0	m
368	23	0	m
368	23	1	a
368	28	0	m
368	28	1	a
368	28	4	m
368	31	0	m
368	33	0	m
368	33	1	a
368	35	0	m
368	35	3	o
368	50	0	m
370	2	0	m
370	2	1	e
370	2	3	i
370	5	0	m
370	5	1	e
370	13	0	m
370	13	1	e
370	18	0	m
370	18	6	o
370	23	0	m
370	23	1	e
370	27	0	m
370	29	0	m
370	31	0	m
370	41	0	m
370	41	1	e
370	43	0	m
370	43	1	e
370	43	4	n
370	48	0	m
370	48	3	a
370	50	0	m
370	50	8	r
370	54	0	m
371	41	2	m
372	13	0	m
372	13	1	e
372	13	2	m
372	16	0	m
372	16	1	e
372	16	3	o
372	16	4	r
372	28	0	m
372	28	1	e
372	28	5	o
372	31	0	m
372	34	0	m
372	34	1	e
372	38	0	m
372	41	0	m
372	52	0	m
374	2	0	m
374	2	1	e
374	8	0	m
374	8	1	e
374	8	2	r
374	8	6	o
374	8	7	 
374	13	0	m
374	13	1	e
374	15	0	m
374	15	1	e
374	15	5	r
374	18	0	m
374	18	1	e
374	21	0	m
374	21	1	e
374	24	0	m
374	31	0	m
374	31	1	e
374	35	0	m
374	35	1	e
374	35	3	o
374	38	0	m
374	42	0	m
374	48	0	m
374	48	1	e
374	50	0	m
375	30	3	a
376	20	0	m
376	20	1	e
376	20	2	t
376	20	5	p
376	24	0	m
376	24	1	e
376	31	0	m
376	31	1	e
376	36	0	m
376	36	1	e
376	39	0	m
376	39	1	e
376	44	0	m
376	48	0	m
377	30	2	z
377	30	4	 
377	36	2	z
377	50	0	m
377	50	1	e
378	2	1	e
378	2	2	z
378	2	3	o
378	2	4	t
378	2	5	i
378	2	6	n
378	2	7	t
378	2	8	o
378	2	9	.
378	8	0	m
378	8	1	e
378	8	2	z
378	8	5	a
378	15	0	m
378	15	2	-
378	17	0	m
378	17	2	a
378	17	6	 
378	19	0	m
378	22	0	m
378	22	2	c
378	25	0	m
378	25	3	l
378	25	4	o
378	25	5	 
378	30	0	m
378	33	0	m
378	35	0	m
378	35	1	i
378	35	2	g
379	7	4	o
379	22	4	o
379	22	10	 
379	25	3	r
379	25	4	o
381	24	3	e
383	2	0	m
383	11	3	m
383	28	0	m
383	28	3	-
387	4	1	o
387	4	5	o
387	4	6	 
387	14	2	n
387	22	0	m
387	22	1	o
387	44	1	o
391	24	3	k
391	34	4	c
392	21	0	m
392	25	0	m
392	25	1	u
392	25	3	v
392	28	0	m
392	34	0	m
392	42	0	m
392	46	0	m
392	46	1	u
392	49	0	m
392	49	1	u
392	52	0	m
393	23	2	m
393	23	3	i
393	27	0	m
393	27	1	u
393	27	2	n
393	27	4	a
393	30	2	n
393	30	4	c
393	30	6	o
393	30	7	n
393	36	2	n
393	36	4	a
393	42	1	u
393	42	3	e
396	13	0	n
396	13	1	a
396	13	2	b
396	16	1	a
396	16	2	b
396	28	0	n
396	28	1	a
396	32	0	n
396	35	0	n
396	38	4	a
396	40	1	a
397	11	1	a
397	11	6	a
397	15	1	a
397	15	3	v
397	15	4	a
397	21	0	n
397	21	1	a
397	21	2	s
397	21	4	a
397	23	1	a
397	29	1	a
397	37	2	u
397	47	1	a
397	47	2	v
397	47	5	a
397	50	3	a
398	16	1	e
398	16	2	c
398	21	1	e
398	21	3	a
398	25	3	l
398	34	2	g
399	31	3	e
400	13	1	e
400	20	5	a
400	24	1	e
400	50	0	n
400	50	1	e
400	50	2	x
400	50	3	t
400	50	4	a
401	14	0	n
401	51	0	"
402	2	0	n
402	2	1	i
402	2	2	u
402	2	3	z
402	2	4	o
402	2	5	.
402	2	6	 
402	17	0	n
403	42	1	o
404	28	6	 
405	52	2	n
408	5	0	o
408	16	1	b
408	25	0	o
408	43	0	o
408	43	7	a
408	49	0	o
409	18	1	c
410	2	1	d
410	9	0	o
410	16	3	c
412	3	1	l
412	5	4	a
412	33	1	m
412	39	3	a
413	22	4	-
413	34	1	n
413	34	2	y
414	2	3	p
414	14	1	p
414	28	1	p
414	41	0	-
414	41	4	-
415	16	3	 
415	37	3	n
416	2	1	r
416	5	1	r
416	23	0	"
416	23	6	s
418	2	0	o
418	2	1	r
418	4	0	o
418	4	1	r
418	4	2	n
418	9	0	o
418	9	1	r
418	9	2	p
418	18	0	o
418	18	1	r
418	18	4	c
418	21	0	o
418	21	1	r
418	21	3	o
418	24	0	o
418	24	1	r
418	28	0	o
418	28	1	r
418	31	0	o
418	31	1	r
419	10	0	-
420	9	0	-
420	9	3	-
420	9	4	.
420	14	1	t
420	22	2	o
420	35	3	c
420	45	1	v
420	45	6	a
422	16	1	a
422	20	1	a
422	23	1	a
422	31	1	a
422	31	2	f
422	31	4	!
422	43	1	a
422	56	1	a
423	21	4	c
423	54	4	o
423	54	5	z
424	2	0	p
424	2	1	a
424	5	0	p
424	5	1	a
424	5	5	o
424	8	0	p
424	8	1	a
424	11	1	a
424	21	1	a
424	24	1	a
424	31	1	a
424	45	6	a
426	17	1	a
426	33	1	a
427	53	4	-
428	9	1	a
428	9	8	 
429	25	3	d
430	2	1	a
430	5	1	a
430	5	5	 
430	10	1	a
430	16	10	r
430	36	1	a
430	36	3	o
430	36	4	n
430	39	1	a
430	41	7	m
432	25	1	a
434	39	1	a
435	21	3	a
435	34	0	"
435	34	8	"
435	45	3	a
436	2	0	p
436	2	1	e
436	2	2	d
436	2	3	i
436	2	4	k
436	2	5	u
436	2	6	l
436	2	7	o
436	2	8	.
437	18	3	i
437	44	5	h
437	47	2	n
439	2	1	e
439	15	3	c
441	35	3	o
441	35	6	c
441	35	9	n
441	50	1	e
442	54	2	s
444	2	0	p
444	2	2	a
444	20	2	c
446	16	5	a
446	19	2	l
446	28	2	m
446	28	3	p
446	55	2	n
448	2	4	m
448	52	3	u
449	2	4	a
449	27	3	o
449	47	2	z
452	2	1	l
453	29	4	n
453	39	2	e
453	39	4	o
454	39	3	z
455	10	6	!
455	13	3	m
455	22	3	s
456	2	1	o
457	5	3	i
458	7	1	o
461	36	2	s
461	55	0	p
461	55	2	s
461	55	3	t
461	55	4	e
461	55	5	r
461	55	6	n
461	55	7	o
461	55	8	.
462	30	0	p
462	36	1	o
462	39	5	c
462	50	1	o
462	56	1	o
463	43	3	c
463	49	2	e
463	49	4	e
463	52	3	c
463	52	5	p
464	54	0	p
464	54	1	r
464	54	2	e
464	54	3	i
465	11	0	p
465	11	2	e
465	15	2	e
465	47	2	e
466	6	1	r
467	2	0	p
467	2	3	z
467	2	7	a
467	7	4	e
469	9	0	p
469	13	0	p
469	15	0	p
469	15	3	d
469	26	4	a
469	38	0	p
471	37	5	n
471	40	7	r
471	46	2	o
472	12	2	o
472	55	2	o
472	55	7	o
472	55	9	o
472	58	2	o
472	58	8	a
475	28	3	v
475	36	4	i
477	17	2	i
477	17	3	k
477	52	0	p
478	31	5	 
478	49	1	u
481	26	4	r
481	41	0	q
482	10	0	q
482	25	0	q
482	31	0	q
484	25	0	q
484	36	3	n
484	51	6	a
486	17	1	a
486	39	0	r
486	39	1	a
486	42	4	a
487	39	1	a
487	39	2	d
487	58	2	g
489	21	1	a
489	21	2	p
489	40	1	a
489	40	2	p
489	40	5	d
489	54	3	p
490	7	0	r
490	7	1	a
490	24	1	a
490	33	3	o
490	33	4	n
491	46	2	c
492	56	2	f
492	56	3	o
493	2	5	a
493	50	1	e
493	50	2	f
493	50	3	u
495	23	3	a
496	9	3	o
496	23	8	a
497	6	4	y
497	22	2	l
501	2	0	"
501	2	8	"
501	15	11	r
501	48	7	a
501	52	8	r
502	5	4	a
502	5	5	u
502	11	2	s
502	17	1	e
502	23	1	e
502	46	0	r
502	46	1	e
502	46	3	o
503	20	8	r
503	29	4	n
503	29	6	i
504	2	5	a
504	22	1	e
504	26	2	z
505	23	2	-
505	32	4	n
506	2	2	g
506	11	3	o
506	11	4	c
506	33	0	r
506	33	1	i
506	33	2	n
506	33	3	g
506	33	4	o
506	33	5	 
506	53	0	r
506	53	2	s
508	38	6	o
509	28	1	o
509	28	3	d
510	8	0	r
510	8	1	o
510	8	2	s
510	8	3	p
510	8	5	 
510	26	3	a
510	26	4	c
510	36	3	o
510	47	1	o
510	52	1	o
510	52	4	 
511	46	3	r
511	54	9	 
512	45	2	m
515	13	6	m
516	18	4	c
518	5	5	w
518	5	8	h
520	12	1	a
520	49	0	"
522	10	1	e
523	44	8	e
524	52	2	n
525	57	3	t
526	2	3	 
526	29	6	-
526	37	2	q
526	45	1	e
526	45	2	q
526	45	3	u
526	45	5	n
526	45	6	c
527	2	0	s
527	26	5	 
527	44	3	j
528	20	4	r
529	4	1	e
529	18	1	e
529	21	1	e
529	21	2	x
529	21	8	n
529	23	0	s
529	23	1	e
529	23	2	x
531	23	0	s
531	26	1	h
531	26	8	n
531	26	10	 
531	47	1	h
537	35	1	i
537	38	5	a
539	43	2	s
541	7	0	s
541	7	1	k
541	13	3	l
541	25	0	s
541	25	5	a
541	27	0	s
541	33	0	s
541	33	1	k
541	39	2	a
541	39	7	a
543	6	0	s
543	18	0	s
543	18	4	m
543	23	0	s
543	23	3	s
543	47	6	 
545	2	1	k
545	2	2	r
545	2	3	o
545	2	7	o
545	2	8	 
545	6	1	k
545	6	2	r
545	6	3	o
545	6	4	f
545	6	5	u
545	6	6	l
545	6	7	o
545	6	8	s
545	6	9	o
545	6	10	 
545	9	1	k
545	9	2	r
545	9	3	o
545	9	4	t
545	11	1	k
545	11	2	r
545	11	3	u
545	11	4	b
545	11	5	o
545	18	2	u
545	23	1	k
545	23	2	u
545	23	3	l
545	23	4	t
545	23	5	a
545	23	6	r
546	10	0	s
546	10	1	n
546	10	2	a
546	10	3	p
546	10	4	a
546	10	5	r
546	20	1	o
546	20	2	b
546	20	3	r
546	20	4	a
546	20	5	.
546	24	1	o
546	24	2	c
546	24	3	i
546	24	4	o
546	24	5	.
546	28	0	s
546	28	1	o
546	28	2	c
546	28	3	i
546	28	4	o
546	28	5	l
546	28	6	o
546	28	7	g
546	28	8	o
546	28	9	.
547	7	1	o
547	20	3	a
548	50	1	o
549	41	3	c
551	14	0	s
551	29	2	e
553	39	1	p
554	16	2	l
554	19	4	n
554	45	2	o
555	16	1	p
555	20	0	s
555	41	4	a
555	44	1	q
555	44	2	u
557	16	4	d
557	16	5	a
557	20	0	s
557	27	2	a
557	47	2	a
557	49	2	a
558	2	5	v
558	9	4	o
558	12	6	 
558	21	3	a
558	21	6	n
559	10	3	n
559	46	2	e
560	53	4	o
563	2	3	e
563	31	3	i
563	45	1	t
565	3	5	a
565	19	2	b
565	40	5	m
565	40	6	a
565	44	1	u
565	44	3	m
565	44	7	a
565	44	8	r
565	51	2	b
565	51	5	d
565	51	7	n
566	10	1	u
566	54	2	b
567	29	4	x
568	42	2	m
569	45	1	u
569	45	2	p
569	45	4	e
571	2	1	u
571	5	3	v
571	5	5	y
571	8	2	s
571	40	2	s
572	7	1	w
572	10	1	w
572	10	3	c
572	14	0	+
572	14	2	w
572	42	4	r
574	20	4	o
574	52	3	 
574	58	2	m
575	53	4	a
576	5	0	t
576	5	1	a
576	5	2	p
576	5	3	a
576	5	4	r
576	5	5	.
578	45	2	u
578	45	3	m
578	45	4	a
578	45	8	g
578	45	9	i
578	47	2	v
578	47	4	r
578	47	6	o
580	13	7	m
580	15	4	o
581	10	3	p
581	10	4	o
582	11	3	o
582	48	2	o
583	52	1	e
583	52	3	c
584	6	3	c
584	37	3	m
585	33	6	e
586	2	5	m
587	8	1	e
587	8	2	z
587	8	3	o
587	45	2	l
589	8	1	i
589	8	2	n
589	24	2	p
589	40	2	r
590	55	1	o
590	55	4	 
591	55	2	p
594	0	2	r
594	20	1	o
594	41	3	c
595	40	2	a
596	13	3	m
596	37	2	a
596	48	4	s
597	7	5	e
597	7	6	p
600	23	5	-
606	40	4	 
607	29	3	b
608	2	4	a
608	5	3	n
609	13	1	c
609	20	3	z
609	51	5	m
610	3	5	m
610	3	6	i
610	3	9	o
610	7	0	u
610	7	1	l
610	7	4	a
610	7	6	o
610	7	7	n
610	10	5	 
610	12	0	u
610	12	2	u
610	12	4	a
610	12	6	 
610	15	3	o
610	15	4	 
610	21	1	m
610	21	2	b
610	21	5	o
610	24	1	m
610	24	2	b
610	26	1	m
610	26	2	b
610	26	8	 
610	30	2	 
610	32	0	-
610	32	1	u
610	32	3	-
610	37	2	c
610	40	1	n
610	40	2	c
610	47	2	g
610	47	3	l
610	47	5	 
610	50	4	e
610	50	7	o
610	50	8	 
611	44	0	-
612	2	1	r
614	23	2	c
614	26	3	a
614	29	1	a
614	29	5	 
614	32	2	g
614	32	3	a
614	35	2	g
614	35	6	 
614	38	2	g
614	38	3	o
614	38	4	n
614	38	5	o
614	38	6	 
614	44	0	v
614	44	1	a
614	44	4	r
614	44	5	 
614	51	4	a
614	54	4	o
614	54	5	l
614	57	0	v
616	33	4	c
618	14	0	v
618	27	4	c
618	27	6	p
618	30	3	o
618	30	7	m
618	32	4	r
618	36	3	a
619	26	5	z
620	4	1	e
620	44	0	v
621	3	0	v
621	3	1	e
621	3	2	r
621	3	3	s
621	3	4	i
621	3	5	o
621	3	6	n
621	3	7	o
621	35	3	p
622	2	2	s
622	2	4	o
622	2	5	n
622	2	6	o
622	2	7	.
622	6	2	t
622	6	4	r
622	6	5	o
622	6	6	.
622	8	1	e
622	8	2	t
622	8	3	e
622	8	4	r
622	8	5	a
622	8	6	n
622	8	7	o
622	23	6	 
622	46	2	a
622	46	3	t
622	46	7	 
622	51	2	b
622	51	3	r
622	51	4	a
622	51	5	r
623	43	2	k
624	21	2	m
624	29	3	a
625	5	2	o
625	5	6	o
625	18	4	 
626	7	3	o
626	7	4	 
626	10	7	m
627	18	1	o
628	7	1	o
628	29	1	o
631	25	0	x
632	8	4	 
632	32	0	y
632	43	0	y
632	52	0	y
633	11	0	y
633	16	0	-
633	50	0	z
633	50	1	e
634	12	0	z
634	44	2	m
634	50	0	z
# --- relecture des vedettes non signalees (297 planches, 472 vedettes corrigees) ---
13	30	4	r
13	39	3	c
14	34	3	o
18	32	4	m
19	21	3	o
20	28	6	a
22	12	4	u
26	15	4	h
26	29	2	m
26	29	3	e
31	3	1	m
31	3	2	i
32	4	0	"
32	4	2	m
32	4	3	p
32	4	4	è
32	4	7	"
32	9	3	è
33	22	9	m
33	50	5	s
34	9	7	m
34	34	7	o
34	41	8	o
36	12	3	m
38	27	5	o
39	17	8	o
42	3	2	o
42	45	4	c
44	34	3	h
45	50	3	e
46	43	4	n
49	45	3	m
52	14	7	o
52	19	6	n
52	19	7	o
52	19	8	 
53	17	8	o
56	21	5	-
58	47	1	x
60	27	3	h
60	27	4	e
66	10	1	a
66	29	0	b
66	29	1	a
66	33	0	b
66	33	1	a
68	36	0	b
69	28	5	d
72	15	3	j
73	23	2	g
75	26	3	-
78	6	1	o
81	13	5	h
83	25	5	n
85	16	3	g
97	15	7	 
97	23	8	 
102	28	3	m
104	19	4	c
106	25	2	h
107	15	5	m
110	12	8	c
114	23	6	a
117	31	4	m
121	23	10	n
123	26	8	a
123	29	5	c
123	29	6	h
126	55	1	o
127	38	6	l
135	3	3	k
140	40	7	a
142	11	3	t
142	20	1	m
143	43	7	k
144	22	0	a
146	48	2	z
149	36	4	-
149	49	1	q
154	24	1	s
154	24	2	p
154	26	1	s
154	57	1	s
158	23	1	x
160	8	1	x
160	8	3	a
160	10	1	x
160	10	5	z
162	14	0	e
162	14	1	x
162	25	0	e
162	25	1	x
165	4	7	l
167	16	9	o
168	12	1	a
170	52	7	c
172	27	3	n
172	27	4	c
176	10	1	i
176	10	4	o
176	13	1	i
176	13	4	o
176	13	6	o
176	20	3	g
178	38	4	c
180	9	1	o
180	33	1	o
180	33	2	n
180	45	1	o
180	45	4	m
182	13	5	o
182	21	1	o
185	6	5	i
186	51	6	n
187	28	6	a
190	47	4	o
190	58	6	o
194	2	1	a
195	6	1	a
196	32	1	a
196	34	0	g
196	42	1	a
197	52	7	o
198	6	1	e
198	12	1	e
198	14	1	e
201	11	3	o
201	11	9	a
202	6	0	g
202	6	5	z
202	9	0	g
202	13	0	g
202	13	5	o
203	12	7	d
203	17	4	a
204	19	1	l
204	28	1	l
206	5	0	g
206	5	1	r
208	15	0	g
208	15	1	r
208	23	0	g
208	23	1	r
208	26	0	g
208	26	1	r
208	35	0	g
208	41	0	g
208	44	0	g
208	47	0	g
208	47	1	r
210	35	1	u
210	45	1	u
210	48	1	u
210	51	1	u
211	26	6	h
213	35	3	a
216	12	0	h
219	50	5	o
221	15	9	a
223	25	7	a
223	29	6	e
225	9	6	o
227	27	11	f
227	27	12	i
228	17	1	o
229	11	3	o
229	38	1	o
229	38	2	m
229	38	3	o
229	38	8	 
230	14	0	h
230	20	0	h
230	27	1	o
230	27	4	o
230	53	0	h
230	56	0	h
232	6	0	h
233	22	5	 
235	19	6	a
236	15	0	i
236	15	1	m
236	15	2	b
236	15	3	e
236	15	4	c
236	15	5	i
236	15	6	l
236	15	7	a
236	15	8	.
236	25	0	i
236	25	2	e
236	25	3	r
236	25	4	s
236	25	5	a
236	25	6	r
236	25	7	.
236	28	0	i
236	28	2	i
236	28	3	t
236	28	4	a
236	28	5	r
236	28	6	.
236	31	0	i
236	31	2	o
236	31	3	b
236	31	4	l
236	31	5	o
236	31	6	.
236	48	0	i
236	48	2	p
236	48	3	e
236	48	4	r
236	48	5	a
236	48	6	t
236	48	7	i
236	48	8	v
236	48	9	o
236	48	10	.
237	43	6	n
237	43	7	a
237	43	8	r
240	30	0	i
241	53	7	z
242	2	0	i
242	2	1	n
242	2	2	f
242	2	3	o
242	2	4	r
242	2	5	m
242	2	6	a
242	2	7	r
242	2	8	.
242	15	0	i
242	15	1	n
242	15	2	g
242	15	3	e
242	15	4	s
242	15	5	t
242	15	6	a
242	15	7	r
242	15	8	.
242	33	0	i
242	33	1	n
242	33	2	h
242	33	3	e
242	33	4	r
242	33	5	a
242	33	6	r
242	33	7	.
242	46	0	i
242	46	1	n
242	46	2	j
242	46	3	e
242	46	4	k
242	46	5	t
242	46	6	a
242	46	7	r
242	46	8	.
242	49	0	i
242	49	1	n
242	49	2	j
242	49	3	e
242	49	4	n
242	49	5	i
242	49	6	a
242	49	7	r
242	49	8	.
243	30	3	o
244	33	0	i
245	17	8	o
245	23	8	n
248	36	9	c
251	2	0	-
251	4	0	-
251	31	0	-
252	22	0	i
252	22	1	z
252	22	2	o
252	22	4	o
252	22	5	r
252	22	6	f
252	22	7	a
252	22	8	.
252	36	0	i
252	36	1	z
252	36	2	o
252	36	3	t
252	36	4	o
252	36	5	p
252	36	6	a
252	36	7	.
252	39	0	i
252	39	1	z
252	39	2	o
252	39	3	t
252	39	4	r
252	39	5	o
252	39	6	p
252	39	7	a
252	39	8	.
254	20	0	j
254	20	1	a
254	20	2	v
254	20	3	e
254	20	4	l
254	20	5	i
254	20	6	n
254	20	7	o
254	20	8	.
255	14	3	z
256	26	0	j
256	26	1	u
256	26	2	b
256	26	3	e
256	26	4	o
256	26	5	.
258	33	0	k
258	33	1	a
258	33	2	b
258	33	3	a
262	7	1	a
262	7	4	o
262	10	1	a
262	33	1	a
262	35	1	a
264	2	1	a
264	2	2	m
264	5	1	a
264	5	2	m
264	22	4	o
266	42	4	n
267	43	2	n
268	2	1	a
268	2	2	o
270	2	1	a
270	2	3	s
272	9	1	a
274	2	1	a
275	20	6	h
275	34	6	o
276	27	5	a
278	2	1	a
278	5	1	a
280	6	0	k
280	6	1	a
280	6	2	u
281	54	4	a
284	9	0	k
284	9	1	i
286	13	1	l
286	29	1	l
286	32	1	l
289	45	4	x
290	8	0	k
290	8	1	o
290	25	1	o
290	28	1	o
291	13	4	c
291	24	9	a
294	3	0	k
294	3	1	o
294	12	0	k
294	12	1	o
296	44	1	o
297	42	7	o
298	0	0	k
298	0	1	o
298	0	3	p
298	18	1	o
298	27	1	o
300	2	6	a
300	38	4	o
302	22	1	o
302	27	1	o
302	27	2	n
302	38	1	o
302	40	5	e
303	39	5	n
303	39	6	c
304	2	0	k
304	2	1	o
304	2	2	n
304	18	1	o
304	21	1	o
304	21	7	a
309	50	6	c
311	45	4	d
313	24	10	r
316	19	1	o
319	44	4	e
322	21	1	r
322	23	1	r
322	23	5	a
322	26	1	r
324	13	2	o
324	55	6	o
327	20	0	k
327	20	5	b
327	28	1	u
328	19	1	u
328	23	1	u
330	14	1	u
330	18	1	u
330	21	1	u
330	26	1	u
334	8	2	c
334	40	5	m
338	2	3	h
339	18	3	g
341	17	3	u
342	12	0	I
343	37	5	a
345	35	3	a
347	36	2	q
347	36	5	d
347	40	2	q
347	40	5	d
347	40	6	a
347	40	7	c
347	40	8	a
349	22	4	d
349	22	5	a
349	48	3	e
351	6	4	m
351	6	8	v
351	11	3	u
351	14	3	i
351	17	3	b
351	17	5	r
351	43	3	n
353	22	4	a
353	25	3	p
353	41	2	p
355	44	2	d
356	7	0	m
356	7	1	a
356	12	0	m
356	12	1	a
358	2	0	m
358	2	1	a
358	13	0	m
358	13	1	a
358	30	0	m
358	30	1	a
358	46	0	m
360	2	0	m
360	2	1	a
360	11	0	m
360	11	1	a
360	30	0	m
360	33	0	m
360	37	0	m
362	0	0	m
362	0	1	a
362	13	0	m
362	18	0	m
362	22	0	m
362	22	1	a
362	32	0	m
362	36	0	m
363	29	3	c
364	17	0	m
364	39	0	m
364	43	0	m
364	47	0	m
364	50	0	m
365	10	6	n
365	19	3	q
366	11	0	m
366	11	1	a
366	21	0	m
366	21	1	a
366	24	0	m
366	24	1	a
366	35	0	m
366	35	1	a
367	16	7	n
368	2	0	m
368	2	1	a
368	5	0	m
368	5	1	a
368	10	0	m
368	10	1	a
368	21	0	m
368	38	0	m
368	41	0	m
368	45	0	m
370	8	0	m
370	8	1	e
370	20	0	m
370	33	0	m
370	36	0	m
370	38	0	m
372	19	0	m
372	19	1	e
372	22	0	m
372	22	1	e
372	25	0	m
372	25	1	e
372	44	0	m
372	49	0	m
374	27	0	m
374	45	0	m
376	13	0	m
376	13	1	e
376	17	0	m
376	17	1	e
376	28	0	m
376	28	1	e
377	4	4	o
378	40	0	m
378	40	2	g
379	29	9	o
379	43	7	o
379	50	7	o
385	34	6	a
385	37	6	a
389	20	4	r
391	44	4	v
392	4	0	m
392	8	0	m
392	13	0	m
392	17	0	m
392	39	0	m
396	19	0	n
396	19	1	a
396	23	0	n
396	23	1	a
397	18	1	a
397	26	1	a
398	31	4	c
399	11	5	a
399	47	3	v
400	8	1	e
400	8	2	s
401	21	4	l
401	34	8	s
403	35	4	-
408	11	0	o
408	28	0	o
408	52	0	o
411	13	4	-
414	9	1	p
414	16	1	p
416	8	1	r
416	11	1	r
416	34	9	m
416	52	4	c
417	49	3	a
417	52	2	n
418	12	0	o
418	12	1	r
418	15	0	o
418	15	1	r
420	51	3	i
422	12	1	a
424	14	1	a
424	18	1	a
425	44	7	z
426	23	6	m
427	46	3	-
428	26	5	r
428	38	11	m
428	45	8	s
433	36	2	t
434	2	8	z
436	43	5	n
438	14	5	e
438	14	7	c
439	55	6	o
441	47	6	x
449	31	4	n
458	35	5	o
458	37	5	a
462	6	7	o
462	12	5	o
463	26	5	n
464	21	6	a
465	2	6	a
465	5	6	a
469	18	0	p
469	21	0	p
469	23	0	p
471	6	8	o
475	31	4	i
476	18	7	a
478	14	4	 
481	30	6	n
483	15	6	b
484	10	7	n
484	13	6	r
486	12	1	a
489	11	4	o
490	43	5	 
490	54	2	y
491	21	5	a
491	23	5	d
493	53	2	g
493	53	5	e
500	27	6	a
500	27	7	n
500	35	5	r
504	9	6	c
506	9	3	o
506	9	4	r
506	9	6	 
508	16	3	h
510	12	4	a
510	12	5	r
512	40	2	m
517	45	5	o
520	8	4	o
522	49	3	o
528	2	4	o
528	46	3	o
529	2	4	-
533	16	3	j
533	21	5	a
537	42	7	a
541	30	0	s
542	41	3	n
542	44	7	a
543	9	0	s
543	12	0	s
543	27	0	s
548	13	7	a
548	22	6	c
555	47	1	q
557	43	2	a
559	2	4	i
561	17	7	a
566	33	6	n
566	36	8	c
569	21	10	i
569	24	8	a
569	48	2	p
569	48	6	e
571	11	6	p
571	11	8	a
571	14	5	k
573	55	6	m
578	57	4	m
584	4	3	c
585	9	9	o
586	31	7	g
587	26	4	n
589	52	8	z
589	52	9	o
590	15	5	a
593	21	6	o
594	22	1	o
596	21	8	n
602	36	4	m
606	47	5	a
609	9	0	u
609	9	1	b
610	19	2	b
610	19	3	r
610	19	5	 
610	34	3	n
610	34	4	i
610	34	5	m
610	34	6	a
610	34	7	 
610	44	2	c
610	44	4	o
610	44	5	n
610	52	5	r
611	20	4	o
612	15	3	m
612	27	7	o
614	20	5	o
614	20	6	 
614	47	3	a
614	47	4	n
614	47	5	c
614	60	5	c
615	23	5	r
616	19	3	o
616	56	4	e
617	8	6	o
617	30	3	!
618	43	4	n
621	9	5	b
621	9	7	o
621	12	5	c
621	12	6	o
621	27	4	o
621	27	5	 
622	12	1	e
622	12	6	n
622	12	7	a
622	12	9	o
622	12	10	 
622	37	5	a
622	37	7	o
624	9	4	n
625	35	6	z
626	35	7	a
627	28	6	v
628	33	1	o
631	22	4	n
632	36	2	s
638	8	2	b
638	8	5	c
