# Casse tranchee par comparaison aux hampes de la meme ligne.
# Priorite basse : toute correction a la main l'emporte.
0	60	59	S
5	9	9	E
6	18	22	E
6	37	35	E
8	9	7	R
8	9	8	E
8	9	10	O
11	18	1	N
13	44	49	S
13	44	50	O
13	54	24	S
22	37	56	O
22	37	59	A
24	53	26	U
26	16	27	M
27	50	47	R
28	20	2	U
28	20	3	R
30	30	22	S
30	34	26	R
30	42	43	O
31	18	10	N
31	56	4	E
32	4	4	E
32	9	3	E
32	32	54	C
32	38	58	U
32	49	28	A
32	49	35	M
32	49	36	O
33	12	57	N
34	9	2	A
36	5	2	R
39	20	7	M
42	6	19	N
42	28	25	E
42	28	42	E
43	27	0	A
43	32	7	O
43	49	28	A
44	20	22	S
45	45	10	M
46	47	1	R
46	47	4	M
46	47	5	O
46	47	6	M
46	47	8	N
46	47	16	N
46	48	2	N
46	48	5	U
46	48	6	R
46	48	7	A
46	48	11	O
46	48	14	U
46	48	15	O
47	26	48	A
47	35	61	A
48	2	0	A
48	2	1	R
48	40	44	A
48	40	48	O
50	4	68	O
50	54	33	O
52	19	42	O
52	51	56	U
54	33	27	R
56	33	43	N
56	42	22	E
57	23	51	A
57	23	57	O
57	23	58	Z
57	23	60	S
57	23	62	V
57	23	63	E
57	23	64	R
57	24	0	S
57	24	3	O
57	24	4	S
58	27	19	O
58	42	6	O
61	5	48	V
61	10	12	S
61	10	18	R
61	16	52	M
61	29	51	A
61	32	51	O
61	47	48	O
63	5	49	O
63	5	52	M
63	5	53	A
63	5	54	N
63	5	56	E
63	5	57	N
63	5	58	A
63	5	59	R
63	12	56	C
63	23	58	R
64	4	55	U
64	36	37	R
65	8	56	N
66	3	63	A
66	3	66	A
66	5	49	U
66	5	52	E
66	5	54	R
66	5	55	E
66	5	57	E
66	5	59	O
66	5	63	A
66	6	49	R
66	6	60	E
66	6	61	O
66	6	66	O
66	7	60	N
66	10	45	R
66	10	54	O
66	10	60	N
66	10	62	R
66	26	69	A
66	40	2	R
66	48	2	R
67	38	5	A
68	24	11	Z
68	36	0	O
69	19	25	O
71	56	29	A
71	56	31	R
71	56	36	O
72	44	0	O
74	51	29	R
76	45	18	O
77	21	18	E
77	30	4	E
78	2	59	N
78	3	60	O
78	7	13	V
78	47	21	S
78	48	26	E
79	36	19	E
80	55	42	A
81	31	50	E
81	38	0	N
81	51	29	O
82	33	27	O
83	17	45	O
85	4	12	N
85	21	8	R
85	25	19	R
86	23	57	A
88	10	3	N
88	19	22	N
89	6	54	A
90	28	20	R
91	3	21	A
91	8	51	N
94	2	59	O
94	2	60	Z
94	2	61	A
94	4	55	A
94	5	57	S
94	13	48	N
94	13	61	N
94	13	64	A
94	13	65	R
94	32	53	A
94	40	43	R
95	27	59	R
95	36	37	O
95	36	46	O
97	24	59	N
97	26	31	R
98	8	57	A
98	8	58	X
98	8	59	O
98	39	14	C
98	39	20	U
98	42	26	M
99	24	10	Z
100	3	12	O
100	34	10	U
101	42	11	U
103	22	19	V
104	6	2	R
105	39	15	E
106	15	0	S
106	40	45	U
107	2	41	R
107	37	21	N
109	17	19	A
109	23	12	R
109	39	16	S
109	50	40	O
110	14	53	R
110	42	24	R
112	45	8	A
113	29	38	N
114	9	31	O
114	14	34	O
114	14	38	U
114	14	41	O
114	40	64	R
115	3	16	U
115	15	5	U
115	38	10	A
116	31	19	V
116	32	12	N
117	18	15	E
117	26	22	N
118	1	56	A
118	14	10	O
120	22	16	E
120	39	60	O
122	26	54	R
123	10	2	S
123	11	28	A
123	11	52	N
123	37	31	U
123	37	32	O
123	37	33	N
123	37	36	U
123	37	39	R
123	37	40	E
123	37	41	S
123	37	43	R
123	37	47	A
123	37	58	E
123	37	59	R
128	7	60	N
128	44	45	A
128	50	0	O
128	50	2	R
129	6	7	U
130	21	1	R
130	43	16	U
130	50	53	N
131	3	1	U
131	8	1	U
133	26	52	N
134	9	49	V
134	43	20	S
135	16	18	O
136	21	25	A
138	16	10	R
138	36	56	R
139	51	18	R
140	9	32	R
140	44	49	U
141	58	6	A
141	58	12	E
141	58	15	O
141	58	17	S
144	2	2	O
145	42	38	E
146	47	8	N
147	20	53	R
148	40	24	M
149	32	7	C
149	32	9	A
151	23	51	O
154	10	25	X
157	37	40	M
159	6	54	A
160	10	11	R
160	10	42	O
160	23	23	R
160	43	14	E
160	43	26	R
161	27	11	U
163	10	70	O
163	23	31	S
163	23	33	S
164	23	6	R
164	32	1	S
166	45	56	A
166	47	57	C
166	48	36	U
166	51	62	A
166	58	61	R
166	59	35	U
167	48	29	E
167	48	30	N
167	48	31	O
167	48	34	E
168	36	33	S
169	26	33	E
170	16	25	E
170	45	64	R
170	49	52	E
170	49	57	N
170	49	58	O
170	49	62	N
170	52	47	U
173	29	28	N
175	43	59	S
177	40	22	O
177	54	8	A
180	6	1	S
182	13	14	M
183	45	37	M
183	45	48	R
183	45	57	U
185	12	6	V
186	5	5	E
186	34	36	N
186	48	1	R
187	35	60	S
188	29	11	Z
189	32	16	M
189	41	22	A
190	5	1	U
190	15	1	U
190	24	1	M
190	43	1	U
190	54	4	E
191	16	16	N
191	58	56	O
193	49	52	A
193	49	55	R
194	51	52	N
202	29	14	O
202	40	51	E
203	36	11	R
206	36	18	R
207	33	11	S
207	44	20	U
210	40	14	E
210	46	21	O
210	46	24	S
211	26	6	N
213	12	2	O
213	30	30	O
213	43	0	N
214	53	4	A
215	22	31	V
215	31	48	O
215	31	58	M
215	40	50	N
215	45	56	V
216	12	31	V
217	12	40	N
217	12	44	U
217	12	59	N
218	4	1	R
218	23	28	N
218	52	40	E
219	8	43	N
219	15	38	A
219	25	55	R
220	2	0	N
220	18	0	N
220	25	0	R
221	2	0	N
221	55	0	N
223	26	42	U
223	29	23	A
223	29	38	O
223	29	54	U
224	27	51	N
225	9	62	V
225	29	45	A
226	11	58	O
227	10	30	E
227	12	0	N
227	27	30	N
227	29	0	N
228	5	60	S
228	11	0	N
228	25	28	A
228	29	25	N
228	31	35	R
228	47	9	N
229	19	58	S
229	20	56	M
230	10	3	A
230	21	52	O
230	27	57	A
231	19	33	A
231	21	28	U
231	24	0	R
233	29	35	W
234	6	1	O
234	12	1	M
234	17	1	O
234	26	34	U
234	43	23	E
234	46	9	A
234	56	15	N
236	3	13	R
236	3	14	A
236	3	16	O
236	3	18	V
236	5	3	R
236	13	3	S
236	45	57	R
236	46	31	N
238	33	1	R
239	18	36	U
239	26	57	A
239	26	58	R
240	2	2	O
240	4	2	M
240	13	2	O
240	20	28	N
240	23	2	M
240	45	13	O
242	5	1	N
242	12	1	N
242	50	11	U
243	5	1	N
243	5	3	A
243	5	4	N
243	5	8	A
243	5	9	R
243	5	13	N
243	5	18	N
243	8	1	N
243	8	3	A
243	8	4	R
243	8	8	A
243	8	9	R
243	8	14	R
243	8	16	N
243	11	1	N
243	11	7	O
243	11	9	R
243	14	1	N
243	14	5	A
243	14	6	R
243	14	11	R
243	14	18	E
243	14	19	C
243	17	1	N
243	17	3	A
243	17	4	S
243	17	6	R
243	17	8	R
243	17	12	R
243	21	1	N
243	21	7	R
243	24	1	N
243	33	1	N
243	33	3	R
243	33	4	U
243	33	7	A
243	33	8	R
243	36	1	N
243	36	5	O
243	39	6	C
243	39	8	R
243	49	1	N
243	49	4	R
243	49	5	A
243	49	7	R
243	55	4	U
244	8	3	O
244	8	5	Z
244	21	24	A
246	20	2	N
246	24	2	R
246	29	2	R
246	48	6	E
246	48	34	O
247	5	56	A
247	33	35	M
247	38	9	E
248	15	2	R
248	21	2	R
248	25	1	S
248	32	11	V
249	10	7	N
250	56	5	R
252	9	2	M
252	23	22	R
252	28	2	R
256	3	37	M
256	36	1	O
257	18	54	X
258	27	2	R
258	35	2	R
258	38	2	R
258	41	2	R
258	44	13	V
258	47	3	N
259	52	58	R
260	19	23	C
260	31	25	O
260	51	69	A
263	10	14	A
263	23	18	S
263	23	24	N
264	45	57	U
266	46	8	E
266	51	47	E
267	55	55	R
267	55	57	C
267	56	11	N
269	44	13	S
270	17	4	A
271	43	6	Z
272	48	51	O
274	29	13	O
276	28	4	R
276	28	11	O
276	56	3	V
277	50	20	E
277	51	8	R
278	54	16	A
279	3	13	C
280	57	57	U
280	57	58	N
280	57	60	U
280	58	47	O
280	58	48	Z
280	58	49	A
280	58	51	E
280	58	53	O
280	58	56	O
280	58	57	N
280	58	59	E
280	59	57	A
280	59	58	N
280	59	61	V
280	59	62	O
280	60	58	A
280	60	59	R
280	60	62	U
280	60	63	A
281	46	37	E
282	55	2	E
282	55	27	V
282	55	48	N
284	15	1	M
284	15	3	R
285	11	37	R
286	20	31	E
287	53	10	O
287	53	14	A
288	7	5	A
288	20	25	A
290	15	2	N
290	18	2	N
290	25	27	R
291	3	1	O
293	5	12	A
293	31	6	N
294	25	32	C
294	54	22	N
297	16	5	R
298	44	29	R
299	35	6	E
300	38	60	N
300	44	18	N
301	43	38	U
302	7	50	M
302	7	51	E
302	7	53	A
302	8	60	O
302	12	51	O
302	12	55	R
302	12	56	O
302	12	59	U
302	13	60	R
302	33	7	U
302	49	0	V
302	49	22	R
302	49	48	A
303	54	56	R
304	10	3	M
304	37	39	N
305	17	14	R
306	18	40	N
306	49	14	O
306	56	34	U
307	38	56	R
308	6	19	A
308	37	45	O
308	37	48	N
308	37	49	E
308	37	50	C
308	37	51	E
308	37	52	S
308	37	53	E
308	39	46	A
308	39	50	E
308	39	51	R
308	39	53	O
308	39	55	N
308	39	59	N
308	39	61	E
308	39	62	R
308	42	55	O
308	42	56	R
308	43	56	A
308	43	57	R
308	44	50	O
308	44	52	U
308	44	54	E
308	44	56	A
308	45	58	R
308	48	58	U
308	52	53	A
310	10	12	N
311	4	13	R
311	27	38	N
311	42	41	R
311	42	52	R
312	16	23	R
312	45	54	R
316	2	2	R
316	2	5	R
316	2	6	O
316	2	11	R
316	2	12	O
316	2	15	U
316	6	2	R
316	6	6	C
316	6	13	R
316	12	6	O
316	12	15	U
316	12	18	R
316	16	31	S
318	35	55	O
318	47	54	N
318	47	57	O
318	47	58	R
318	48	58	N
318	48	59	O
318	49	58	U
320	49	48	Z
320	50	3	N
321	25	8	C
321	35	22	A
321	52	14	Z
321	52	16	S
322	31	24	A
323	40	4	N
324	3	4	S
324	3	5	S
324	19	34	E
325	45	0	M
326	13	31	O
326	30	44	R
327	29	15	N
329	2	42	V
329	27	47	E
329	29	38	W
330	54	56	N
334	12	50	A
334	19	48	U
334	26	29	E
334	30	14	R
334	54	12	M
334	54	29	A
336	4	24	U
336	44	58	O
337	28	53	E
338	9	44	O
338	44	9	N
341	38	21	O
343	2	54	M
343	26	13	N
343	27	12	U
345	33	3	A
346	10	49	E
346	10	50	N
346	10	51	O
346	14	49	C
346	38	29	N
346	54	49	N
347	23	54	M
347	53	6	U
347	53	7	Z
347	53	10	O
349	35	3	O
350	38	45	E
352	42	58	U
354	10	30	A
356	43	46	U
357	27	0	M
357	30	1	A
359	45	0	M
359	45	1	A
359	45	2	N
361	34	11	N
362	11	3	N
364	13	40	N
365	34	38	N
366	52	27	V
366	52	44	R
367	39	41	N
367	39	43	R
370	50	16	O
370	50	26	M
372	16	23	R
372	31	33	A
376	20	2	R
376	31	38	O
377	26	17	E
377	26	24	E
377	53	36	S
379	25	28	R
379	25	39	R
379	27	39	M
381	21	40	U
381	21	41	A
381	21	43	A
381	21	49	M
381	21	57	N
381	21	58	A
381	24	2	N
381	24	6	R
382	4	9	A
382	4	10	V
382	4	11	A
382	4	23	M
382	4	24	U
382	4	25	Z
382	4	28	O
382	4	35	E
382	5	8	U
382	5	9	N
382	5	12	O
382	5	13	N
382	5	14	O
382	5	16	E
382	5	19	U
382	5	20	N
382	5	22	M
382	5	26	O
382	5	27	N
382	5	28	O
382	5	34	E
382	6	8	E
382	10	5	M
382	10	7	N
382	10	8	C
382	10	9	R
382	16	7	O
382	16	8	O
382	16	9	O
382	16	11	O
382	19	5	O
382	19	7	O
382	19	8	O
382	19	9	O
382	19	13	A
382	19	14	R
382	19	23	E
382	19	32	O
382	23	9	U
382	23	10	M
382	23	13	R
382	23	14	E
382	23	16	A
382	23	21	U
382	26	5	R
382	26	6	O
382	26	7	O
382	26	8	O
382	26	10	O
382	26	16	O
382	29	5	R
382	29	6	A
382	29	7	O
382	29	8	O
382	29	10	O
382	29	11	O
382	29	16	E
382	29	17	O
382	30	9	U
382	30	15	U
382	33	6	U
382	35	5	R
382	35	6	O
382	35	7	O
382	35	8	O
382	35	9	O
382	37	6	A
382	37	7	O
382	37	9	O
382	37	11	O
382	38	8	V
382	38	12	A
382	45	10	C
382	45	22	Z
382	47	8	O
382	47	9	N
382	49	5	S
382	49	7	R
382	49	11	O
382	49	18	O
383	11	46	U
383	21	37	U
384	20	51	O
386	5	14	A
386	5	20	O
386	6	9	E
386	6	10	M
386	6	11	O
386	6	14	O
386	6	15	R
386	6	17	O
386	6	20	E
386	6	21	N
386	6	22	A
386	6	26	A
386	11	5	M
386	11	6	O
386	11	8	U
386	11	11	O
386	11	12	A
386	11	13	R
386	11	18	R
386	11	19	A
386	11	20	N
386	16	9	R
386	16	15	A
386	16	16	O
386	16	17	A
386	19	5	R
386	19	6	O
386	19	11	N
386	19	15	R
386	22	7	A
386	22	15	U
386	25	14	A
386	25	15	O
386	25	26	O
386	31	5	R
386	31	6	O
386	31	10	U
386	31	12	O
386	31	18	M
386	31	20	O
386	31	26	R
386	32	8	O
386	32	9	A
386	32	12	A
386	32	14	A
386	32	16	E
386	32	17	N
386	32	23	Z
386	32	26	A
386	35	5	R
386	35	6	O
386	35	12	N
386	35	13	O
386	35	18	E
386	35	20	O
386	37	5	R
386	37	8	O
386	37	12	R
386	37	17	R
386	37	18	A
386	37	19	N
386	40	5	R
386	40	7	A
386	40	9	O
386	40	14	A
386	40	16	O
386	40	20	O
386	41	9	A
386	41	11	O
386	41	17	A
386	41	18	R
386	41	20	O
386	44	5	R
386	44	9	O
386	44	11	O
386	44	16	E
386	44	17	M
386	44	19	O
386	44	24	O
386	44	27	O
386	45	9	R
386	45	10	E
386	47	8	O
386	47	10	O
386	48	9	U
386	48	10	A
386	48	11	N
386	48	13	O
386	48	14	N
386	48	15	U
386	48	17	U
386	48	18	Z
386	48	20	S
386	48	23	E
386	48	24	N
386	48	27	A
386	49	9	A
386	49	12	E
386	49	13	S
386	49	16	O
386	49	19	R
386	49	20	U
386	50	16	R
386	50	17	O
386	50	18	Z
386	50	19	O
386	50	22	O
386	50	26	E
386	50	27	R
386	53	7	O
386	53	9	O
386	53	11	O
386	53	16	O
386	53	18	O
386	56	8	O
386	56	9	O
386	56	11	O
386	56	16	O
386	56	17	O
387	7	44	R
387	7	54	N
387	7	57	R
389	3	19	E
389	11	14	R
389	25	29	A
389	27	30	Z
389	27	39	U
389	27	40	N
389	30	40	R
389	30	43	R
390	9	66	O
390	22	65	A
390	23	54	O
391	41	5	U
391	41	9	E
393	24	12	N
394	9	22	C
394	22	26	N
394	24	4	M
394	24	5	U
394	24	8	O
394	25	9	U
394	27	4	M
394	27	9	O
394	27	23	O
394	46	12	N
394	46	20	U
394	51	9	N
394	51	10	V
394	51	12	X
394	51	13	A
394	52	7	A
394	52	8	R
394	52	10	E
394	52	20	M
394	53	7	S
394	53	9	M
394	53	14	A
396	44	23	U
398	22	7	N
398	40	21	R
403	49	43	E
403	52	3	S
405	12	40	U
405	17	27	O
407	26	15	A
407	31	53	R
407	31	54	M
408	23	24	R
408	31	33	C
408	46	4	U
410	2	1	O
410	53	6	A
411	34	48	O
413	19	16	M
414	9	26	O
414	34	12	N
414	34	18	S
417	25	25	N
417	50	32	A
418	5	45	R
418	10	41	E
418	39	18	O
420	7	1	N
421	26	74	V
422	43	20	O
425	17	12	R
425	20	22	V
425	44	42	X
426	24	41	R
427	38	16	V
428	11	9	O
430	11	6	N
432	51	28	O
433	7	21	N
433	22	41	N
433	29	33	N
434	20	23	N
435	36	43	N
436	2	1	O
436	11	14	O
437	8	13	C
437	15	13	E
437	31	12	O
441	35	3	S
441	52	3	R
442	55	44	V
445	54	4	N
446	28	22	A
448	45	49	E
451	47	41	N
452	15	23	A
453	35	27	N
453	35	29	M
453	44	14	U
454	14	50	W
457	27	16	N
457	56	29	U
457	56	33	A
458	44	1	N
461	11	54	N
463	23	17	V
464	4	1	R
464	30	6	E
465	5	27	E
465	41	19	O
466	40	39	A
468	51	59	R
468	51	61	N
468	54	58	U
469	41	35	O
469	41	36	N
469	41	37	U
469	47	40	O
471	49	55	E
472	22	32	N
472	52	42	C
474	15	55	E
474	33	11	O
475	10	39	S
480	4	4	N
480	4	5	U
480	44	60	O
480	47	54	R
481	26	4	N
481	46	40	N
481	56	56	O
482	12	50	N
482	37	48	N
485	7	0	O
485	17	66	O
485	49	48	A
487	50	62	A
487	55	61	A
487	58	60	A
487	58	61	O
487	58	62	S
488	51	3	R
488	54	3	R
488	54	61	U
489	11	35	O
489	36	17	S
490	45	40	O
490	45	49	N
492	20	32	M
494	56	40	C
495	47	24	N
495	55	26	V
495	55	46	E
496	53	43	C
497	43	12	E
498	2	5	M
498	2	6	M
498	2	14	S
498	2	15	R
498	2	16	M
498	2	17	M
498	3	12	R
498	6	6	O
498	6	9	R
498	6	14	N
498	6	16	M
498	7	8	O
498	7	9	U
498	7	10	E
498	7	12	S
498	7	14	M
498	7	17	U
498	10	6	O
498	10	9	R
498	10	12	O
498	10	17	R
498	11	10	U
498	14	5	R
498	14	12	R
498	14	16	R
498	14	19	R
498	14	21	N
498	14	27	R
498	14	32	R
498	14	33	O
498	14	38	A
498	17	5	R
498	17	16	M
498	17	17	A
498	18	9	S
498	18	13	R
498	18	16	S
498	18	19	R
498	20	26	R
498	20	27	E
498	20	28	N
498	20	29	A
498	20	30	R
498	20	35	V
498	22	14	S
498	22	15	S
498	22	17	O
498	22	18	O
498	22	21	A
498	22	22	N
498	22	24	O
498	25	20	O
498	25	21	E
498	25	22	R
498	25	23	O
498	25	26	U
498	28	15	A
498	28	17	E
498	28	18	R
498	28	20	O
498	28	22	R
498	28	23	E
498	28	24	N
498	28	25	O
498	29	9	O
498	29	10	A
498	29	13	S
498	29	16	O
498	29	18	O
498	29	21	E
498	29	25	A
498	30	13	S
498	30	16	R
498	30	24	N
498	32	12	M
498	32	20	R
498	32	28	E
498	35	17	R
498	35	26	E
498	35	30	U
498	36	11	E
498	36	12	U
498	36	13	M
498	36	14	A
498	36	16	S
498	36	20	E
498	36	22	O
498	38	5	U
498	38	11	M
498	38	18	O
498	38	20	O
498	38	24	U
498	38	25	A
498	38	27	S
498	38	28	E
498	38	30	U
498	38	31	A
498	39	7	S
498	39	10	A
498	39	11	R
498	39	12	N
498	39	13	E
498	39	17	U
498	39	18	M
498	39	21	U
498	39	22	A
498	39	24	R
498	39	26	N
498	39	27	A
498	39	28	S
498	39	33	E
498	40	7	E
498	40	12	A
498	42	12	E
498	42	18	O
498	42	25	O
498	42	26	M
498	42	27	O
498	42	33	U
498	42	34	A
498	43	8	S
498	43	9	S
498	46	11	A
498	49	8	E
498	49	10	S
498	49	11	U
498	49	13	O
498	49	16	R
498	49	17	O
498	49	19	R
498	49	21	E
498	49	23	O
498	50	7	S
498	50	9	A
498	50	11	O
498	50	13	O
498	52	7	U
498	52	9	R
498	52	10	O
498	52	15	O
498	52	16	O
498	53	8	O
498	53	9	E
498	53	10	N
498	53	11	V
498	53	12	O
498	53	17	U
498	53	18	N
498	56	7	O
498	56	8	R
498	56	9	O
498	56	11	R
498	56	15	R
498	56	16	A
498	56	17	N
498	56	18	S
500	45	24	N
500	45	25	A
501	18	29	N
502	35	33	R
503	29	0	R
503	30	22	N
503	30	38	U
503	52	4	Z
503	52	13	N
503	53	4	O
503	53	5	N
503	53	13	E
503	53	14	X
504	10	51	N
504	28	48	N
506	2	0	R
506	2	5	A
506	2	11	U
506	2	12	A
506	2	17	C
506	3	4	U
506	3	7	N
506	6	0	R
506	6	4	O
506	6	10	R
506	6	11	A
506	6	14	E
506	6	19	E
506	6	21	A
506	7	4	U
506	7	5	A
506	7	9	E
506	7	12	U
506	9	0	R
506	9	4	M
506	9	5	O
506	9	13	Z
506	15	0	R
506	15	2	M
506	15	3	O
506	15	7	O
506	15	8	N
506	15	9	S
506	15	10	O
506	15	11	N
506	15	12	A
506	15	13	N
506	15	14	C
506	15	15	O
506	15	21	A
506	18	0	R
506	18	3	O
506	18	4	O
506	18	5	R
506	18	7	A
506	18	8	R
506	18	13	R
506	18	15	N
506	18	16	A
506	19	3	S
506	19	6	O
506	19	9	E
506	19	16	O
506	21	0	R
506	21	2	M
506	21	4	O
506	21	5	O
506	21	12	E
506	21	13	N
506	21	15	O
506	23	4	O
506	23	8	S
506	23	9	O
506	23	11	S
506	23	13	N
506	23	14	S
506	23	15	E
506	23	19	E
506	23	20	R
506	23	22	O
506	24	3	S
506	24	10	S
506	24	12	O
506	24	14	U
506	24	16	V
506	24	17	O
506	24	19	A
506	24	24	E
506	25	3	A
506	25	5	A
506	25	6	O
506	25	10	S
506	26	3	A
506	26	12	O
506	26	13	R
506	26	14	M
506	26	15	A
506	26	16	O
506	26	17	E
506	26	18	A
506	26	22	C
506	26	24	R
506	27	7	O
506	27	9	O
506	30	4	A
506	30	6	R
506	30	9	O
506	30	10	S
506	30	11	A
506	30	21	M
506	30	32	R
506	33	0	R
506	33	4	O
506	33	12	R
506	33	15	O
506	33	17	U
506	33	18	R
506	33	19	V
506	34	5	A
506	34	6	A
506	34	8	O
506	34	9	N
506	34	10	U
506	34	12	U
506	34	13	Z
506	34	18	E
506	34	19	N
506	35	10	O
506	36	4	A
506	36	6	A
506	36	7	O
506	36	10	E
506	36	14	A
506	36	15	N
506	36	16	O
506	36	20	U
506	39	0	R
506	39	2	N
506	39	3	O
506	39	4	O
506	39	5	E
506	39	6	R
506	39	7	O
506	39	12	O
506	39	13	O
506	39	20	R
506	39	21	A
506	39	22	N
506	39	24	A
506	39	26	M
506	39	27	A
506	40	4	E
506	40	5	R
506	40	6	M
506	42	2	N
506	42	6	A
506	42	11	O
506	42	16	E
506	42	17	R
506	42	18	A
506	42	19	C
506	42	20	O
506	42	25	U
506	43	4	E
506	43	5	R
506	43	8	A
506	43	11	R
506	43	12	E
506	47	3	V
506	47	6	A
506	50	4	U
506	50	5	A
506	53	2	N
506	53	4	A
506	53	5	R
506	54	3	C
508	26	32	O
508	43	59	C
508	49	56	N
508	57	57	C
508	57	61	R
508	59	56	N
510	3	20	N
510	9	3	R
510	9	5	N
510	9	6	O
510	9	10	O
510	12	0	R
510	12	1	O
510	12	10	R
510	16	3	O
510	16	4	N
510	16	5	U
510	16	8	R
510	16	9	O
510	16	10	V
510	16	12	Z
510	16	21	U
510	18	10	A
510	18	11	Z
510	19	3	N
510	19	4	U
510	19	5	O
510	19	6	N
510	19	10	A
510	19	11	N
510	19	14	O
510	19	16	E
510	19	19	R
510	20	42	O
511	15	26	E
511	20	31	O
511	20	38	R
511	24	34	A
513	14	68	O
513	17	73	M
513	23	61	O
513	23	65	A
513	23	67	O
513	32	51	A
513	34	72	M
514	15	65	R
514	27	9	O
514	49	23	R
515	19	36	O
515	19	39	A
516	18	29	O
517	15	5	R
517	34	57	E
517	37	45	R
518	5	8	N
518	40	6	R
519	11	50	U
519	47	24	N
520	40	62	O
521	13	20	E
521	42	53	A
521	42	54	M
521	50	15	U
521	51	53	R
526	45	19	O
527	30	54	E
530	2	1	E
530	2	2	N
530	2	4	A
530	2	6	R
530	2	11	R
530	2	12	O
530	2	13	N
530	2	14	U
530	2	15	N
530	2	16	C
530	2	17	A
530	2	18	R
530	2	22	A
530	2	29	A
530	3	4	C
530	9	1	S
530	9	3	A
530	9	5	R
530	9	6	A
530	9	8	O
530	9	12	A
530	9	13	R
530	9	14	M
530	10	4	M
530	10	5	A
530	10	6	X
530	10	8	M
530	10	10	M
530	10	14	A
530	12	2	N
530	12	3	A
530	12	6	O
530	12	13	O
530	12	14	N
530	13	4	N
530	13	5	A
530	13	8	A
530	13	9	R
530	13	11	O
530	16	2	N
530	16	3	A
530	16	5	R
530	16	7	N
530	16	8	O
530	16	15	O
530	19	3	A
530	19	4	A
530	19	5	A
530	19	11	R
530	19	12	A
530	19	13	N
530	19	14	S
530	20	9	S
530	20	12	U
530	20	14	O
530	20	16	E
530	20	20	U
530	21	4	S
530	21	10	O
530	21	11	S
530	21	13	E
530	21	15	O
530	21	19	V
530	23	4	A
530	23	6	R
530	23	7	A
530	23	13	E
530	23	17	U
530	23	21	U
530	26	1	A
530	26	18	A
530	26	19	A
530	26	20	R
530	26	21	N
530	26	22	A
530	26	23	V
530	26	26	O
530	26	29	E
530	27	18	O
530	27	20	O
530	27	22	O
530	27	24	E
530	27	27	A
530	27	30	O
530	27	31	X
530	28	9	R
530	28	13	R
530	28	23	A
530	28	25	A
530	28	26	V
530	28	27	R
530	30	11	A
530	30	13	S
530	30	15	A
530	30	18	A
530	30	19	O
530	30	22	A
530	30	25	O
530	30	26	R
530	33	12	O
530	33	14	A
530	33	16	S
530	33	18	O
530	33	20	O
530	34	7	A
530	34	8	A
530	35	6	S
530	35	10	A
530	35	12	O
530	35	15	E
530	35	17	O
530	35	22	U
530	35	26	A
530	35	27	V
530	36	4	O
530	36	5	O
530	36	12	S
530	36	16	A
530	36	18	M
530	36	19	U
530	36	22	E
530	38	12	M
530	38	13	A
530	38	16	Z
530	38	17	O
530	38	22	U
530	39	3	R
530	39	8	A
530	39	20	E
530	39	22	N
530	40	4	A
530	40	5	R
530	40	9	R
530	40	10	E
530	40	13	A
530	40	14	R
530	40	23	O
530	41	7	A
530	41	10	O
530	41	12	S
530	41	13	A
530	41	14	U
530	41	15	U
530	41	16	R
530	41	18	O
530	41	21	E
530	42	3	E
530	42	6	O
530	42	7	A
530	42	19	S
530	42	22	R
530	42	23	O
530	43	3	A
530	43	6	S
530	43	13	R
530	43	14	A
530	45	0	A
530	45	11	O
530	45	18	A
530	45	19	N
530	45	21	O
530	46	6	O
530	46	7	R
530	46	8	S
530	46	9	S
530	46	11	M
530	46	16	O
530	46	17	R
530	46	19	E
530	49	3	O
530	49	10	U
530	49	11	A
530	49	14	O
530	49	16	U
530	49	18	U
530	54	8	R
530	54	11	S
530	54	13	O
530	54	15	R
530	54	16	E
530	55	3	O
530	55	5	A
530	55	6	A
530	55	7	S
530	55	10	E
530	55	11	R
530	55	12	O
530	55	14	N
530	55	15	E
530	55	16	E
530	55	17	X
530	55	18	E
530	55	20	U
531	38	11	A
531	47	29	N
531	53	36	N
535	51	35	N
536	5	55	O
536	23	27	O
537	25	21	R
538	14	16	E
538	15	21	U
540	52	32	R
541	9	9	N
541	14	58	R
541	33	1	Z
543	2	46	A
543	37	12	E
544	26	36	C
544	44	63	V
544	45	63	Z
544	45	65	O
544	47	62	O
544	51	64	O
544	51	65	R
545	2	1	R
545	2	5	U
545	2	7	O
545	2	20	O
545	2	21	R
545	2	22	O
545	2	26	A
545	3	19	A
545	3	23	R
545	4	26	R
545	6	23	O
545	6	24	R
545	6	26	O
545	6	32	E
545	7	23	O
545	7	25	S
545	7	33	R
545	9	28	E
545	9	30	A
545	11	32	R
545	11	33	A
545	11	35	O
545	11	38	O
545	11	39	O
545	12	33	U
545	12	37	U
545	12	45	S
545	12	53	S
545	13	38	O
545	13	45	E
545	13	51	S
545	13	56	E
545	16	10	N
545	16	32	C
545	16	33	O
545	16	36	R
545	16	40	U
545	16	41	N
545	16	43	O
545	16	45	M
545	16	47	R
545	16	49	O
545	16	53	S
545	26	2	M
545	29	2	O
545	29	3	C
545	30	4	E
545	30	8	E
545	30	9	M
545	30	10	O
545	30	13	S
545	30	14	O
545	30	15	R
545	30	19	A
545	30	24	R
545	31	5	O
545	31	8	M
545	31	12	M
545	31	14	S
545	31	16	E
545	31	17	N
545	31	19	O
545	31	21	U
545	31	29	E
545	33	2	M
545	33	10	R
545	33	12	M
545	33	20	R
545	33	21	A
545	33	23	A
545	34	6	C
545	34	11	M
545	34	14	O
545	34	15	R
545	40	3	R
545	40	8	U
545	40	10	R
545	40	12	M
545	42	46	R
545	42	55	S
545	42	57	S
545	45	6	R
545	45	45	R
545	45	47	O
545	45	53	E
545	45	54	A
545	47	8	A
545	47	10	R
545	50	42	R
545	50	46	A
545	51	43	S
545	51	44	E
545	53	8	U
545	53	9	A
545	53	10	Z
545	54	39	A
545	55	4	A
545	55	6	A
545	55	42	A
545	55	43	N
545	56	6	A
545	56	8	N
545	56	41	E
545	56	42	R
545	56	43	A
545	57	3	U
545	57	4	A
545	57	5	S
545	57	6	A
545	57	7	R
545	57	10	U
545	57	35	R
545	57	36	A
545	57	39	O
545	57	41	E
546	2	14	U
546	2	15	N
546	7	0	M
546	7	38	A
546	8	31	R
546	12	1	O
546	12	38	R
546	12	39	O
546	12	41	O
546	15	2	R
546	15	4	A
546	15	27	S
546	15	30	R
546	15	31	E
546	15	32	O
546	15	35	U
546	15	36	E
546	15	55	U
546	15	58	S
546	16	3	N
546	16	6	S
546	16	8	A
546	16	13	R
546	16	33	A
546	16	34	M
546	17	4	M
546	17	6	R
546	17	11	R
546	17	15	R
546	17	28	M
546	17	29	M
546	20	20	R
546	21	12	A
546	21	15	M
546	21	18	A
546	25	53	O
546	28	52	E
546	33	44	R
546	33	45	M
546	33	50	M
546	33	51	N
546	33	55	X
546	33	59	E
546	34	3	U
546	39	12	U
546	39	54	M
546	39	57	A
546	39	61	R
546	40	16	R
546	40	22	N
546	40	41	X
546	41	49	N
546	41	50	U
546	41	52	E
546	41	56	U
546	41	60	A
546	42	55	V
546	42	57	M
546	42	58	R
546	42	59	V
546	48	50	N
546	48	51	M
546	48	57	M
546	48	58	A
546	49	0	A
546	54	1	M
546	54	29	M
546	55	31	S
546	55	53	A
546	56	4	M
546	56	27	Z
546	56	28	O
546	56	31	S
546	56	33	R
546	56	36	A
546	56	60	V
547	32	54	C
547	55	58	Z
549	18	15	R
550	54	54	A
551	35	57	V
553	36	9	N
556	44	60	O
557	9	34	E
557	37	8	N
557	54	38	E
558	22	7	V
558	35	21	N
558	39	51	R
558	39	57	U
558	39	58	N
558	39	64	E
558	39	65	N
558	48	51	U
558	48	58	O
559	13	58	V
559	37	28	N
560	33	41	V
560	35	37	U
560	39	62	X
560	42	61	A
560	48	55	R
560	48	59	R
560	48	61	M
560	48	62	A
560	48	66	O
560	49	60	E
560	49	61	N
560	49	63	O
560	50	61	U
560	50	63	Z
560	50	64	E
560	53	50	U
560	53	51	A
560	53	54	U
560	53	56	O
560	53	57	R
560	53	59	A
560	53	60	S
560	53	63	O
562	49	24	N
562	50	24	M
563	21	22	E
563	45	50	M
563	45	51	C
564	20	63	U
565	27	46	R
565	44	21	R
566	7	36	U
566	26	7	A
566	27	54	V
568	12	24	V
568	24	26	V
568	58	51	A
568	58	54	A
568	58	59	E
568	58	60	Z
569	5	5	R
569	53	60	A
570	43	58	A
571	5	2	R
571	5	6	A
571	5	7	R
571	5	12	R
571	5	13	A
571	5	21	O
571	8	14	C
571	14	8	R
573	31	22	A
573	46	45	R
573	46	49	N
573	50	43	R
573	51	43	E
574	31	6	N
574	31	26	O
574	34	7	R
575	21	8	U
575	43	42	U
578	53	55	E
579	46	3	E
579	49	48	E
580	24	62	E
580	42	62	N
580	43	37	U
580	55	46	E
580	55	49	O
580	55	50	R
580	55	52	O
580	55	54	O
580	55	57	A
580	55	58	N
580	55	60	Z
580	55	63	A
582	32	14	N
583	38	57	E
584	53	20	A
584	54	49	N
584	54	50	O
585	48	55	E
585	48	59	C
586	11	41	R
586	11	61	O
586	12	36	E
586	47	7	O
586	47	10	M
586	49	2	X
587	13	12	N
587	27	27	O
587	39	32	R
587	52	56	U
588	2	9	Z
588	2	10	U
588	2	11	R
588	2	15	A
588	2	17	M
588	2	21	V
588	2	22	A
588	5	9	A
588	6	15	A
588	6	18	M
588	6	23	O
588	10	12	N
588	10	15	N
588	13	9	M
588	13	10	U
588	13	11	Z
588	13	16	N
588	13	17	S
588	13	19	R
588	15	11	O
588	18	11	R
588	18	12	O
588	19	9	N
588	19	13	U
588	19	14	R
588	20	12	R
588	21	11	E
588	24	12	O
588	24	17	O
588	24	26	A
588	25	9	O
588	25	10	R
588	25	15	A
588	27	8	M
588	27	9	A
588	29	8	M
588	29	9	M
588	29	15	O
588	29	22	A
588	30	9	R
588	30	10	E
588	30	12	U
588	30	13	R
588	30	14	O
588	30	22	U
588	31	10	A
588	32	9	R
588	32	10	E
588	34	8	M
588	34	10	A
588	34	11	N
588	34	12	O
588	34	20	N
588	34	29	V
588	35	9	U
588	35	10	R
588	36	10	A
588	36	12	O
588	36	13	R
588	36	14	E
588	36	16	O
588	36	23	E
588	37	9	O
588	37	11	R
588	37	14	N
588	38	10	A
588	38	11	S
588	38	12	A
588	38	14	R
588	38	15	E
588	38	18	E
588	38	23	O
588	38	29	N
588	39	12	M
588	39	13	U
588	39	14	Z
588	39	17	O
588	39	21	A
588	42	8	O
588	42	9	O
588	42	11	O
588	42	17	N
588	46	9	U
588	46	10	Z
588	46	11	A
588	46	13	A
588	46	16	O
588	46	17	R
588	46	23	R
588	50	10	U
588	50	12	R
588	51	10	U
588	55	10	N
588	55	11	S
588	55	12	E
588	55	15	O
588	55	18	E
589	17	41	M
589	47	41	N
589	55	22	O
589	55	24	S
591	28	26	N
591	30	57	R
591	30	59	O
592	7	32	E
593	14	30	A
598	44	18	N
598	51	67	R
599	57	6	N
600	13	8	R
600	55	3	A
601	26	56	R
601	29	58	A
602	15	10	Z
604	42	32	R
606	55	17	O
607	6	57	O
607	11	29	A
607	29	2	R
607	29	3	O
607	33	2	R
608	20	35	U
609	9	12	A
609	53	3	E
609	53	17	A
609	54	13	A
609	54	19	A
610	5	4	R
610	13	5	V
610	27	51	R
610	44	6	A
610	48	4	S
610	54	4	U
611	50	55	O
611	51	12	N
612	39	56	U
612	39	57	A
612	39	60	N
612	39	61	U
612	51	55	O
612	51	61	A
612	54	55	C
613	5	40	W
614	13	56	Z
614	13	61	U
614	16	47	O
614	16	56	E
614	16	57	S
614	16	58	A
614	16	59	R
614	17	50	A
614	17	56	E
614	17	57	Z
614	17	60	A
614	17	61	R
614	20	50	R
614	20	51	A
614	20	60	O
614	23	58	R
614	23	61	U
615	47	59	E
617	27	55	E
618	23	29	U
618	23	30	N
618	23	31	A
618	32	28	N
618	50	22	R
620	18	3	V
621	7	28	N
621	7	29	A
621	7	30	R
621	7	31	A
621	27	29	U
621	27	40	R
621	27	46	U
621	29	46	N
621	30	40	R
621	35	50	O
621	49	50	E
622	9	6	S
622	46	3	R
623	8	15	O
623	30	17	M
625	11	18	O
625	28	18	M
625	47	0	V
626	11	9	A
628	8	17	E
629	49	2	N
629	49	4	A
629	51	4	A
631	8	27	S
631	11	27	O
631	12	9	O
632	24	24	A
634	18	21	O
635	5	9	R
635	5	13	O
635	10	11	A
635	10	16	N
635	30	22	R
635	47	40	U
